# relative_time, cycles_done, cur_path, paths_total, pending_total, pending_favs, map_size, unique_crashes, unique_hangs, max_depth, execs_per_sec, total_execs, edges_found
62, 0, 8, 46, 46, 9, 2.80%, 2, 0, 2, 38.88, 3044, 1397
67, 0, 8, 46, 46, 9, 2.80%, 2, 0, 2, 46.44, 3268, 1397
72, 0, 8, 46, 46, 9, 2.80%, 2, 0, 2, 10.66, 3463, 1397
77, 0, 8, 46, 46, 9, 2.80%, 2, 0, 2, 34.65, 3679, 1397
82, 0, 8, 47, 47, 9, 2.81%, 2, 0, 2, 37.30, 3881, 1402
87, 0, 8, 50, 50, 9, 2.82%, 2, 0, 2, 39.85, 4084, 1405
92, 0, 8, 50, 50, 9, 2.82%, 2, 0, 2, 38.90, 4275, 1405
98, 0, 8, 50, 50, 9, 2.82%, 2, 0, 2, 43.35, 4509, 1405
103, 0, 8, 50, 50, 9, 2.82%, 2, 0, 2, 40.25, 4691, 1405
108, 0, 8, 50, 50, 9, 2.82%, 2, 0, 2, 39.73, 4894, 1405
113, 0, 8, 50, 50, 9, 2.82%, 2, 0, 2, 38.11, 5081, 1405
118, 0, 8, 50, 50, 9, 2.82%, 2, 0, 2, 43.37, 5320, 1405
123, 0, 8, 50, 50, 9, 2.82%, 2, 0, 2, 42.63, 5526, 1405
128, 0, 8, 51, 51, 9, 2.82%, 2, 0, 2, 36.63, 5693, 1405
133, 0, 8, 51, 51, 9, 2.82%, 2, 0, 2, 43.85, 5923, 1405
138, 0, 8, 52, 52, 9, 2.82%, 2, 0, 2, 36.09, 6096, 1406
143, 0, 8, 52, 52, 9, 2.82%, 2, 0, 2, 31.56, 6254, 1406
148, 0, 8, 52, 52, 9, 2.82%, 2, 0, 2, 39.61, 6467, 1406
154, 0, 8, 52, 52, 9, 2.82%, 2, 0, 2, 43.27, 6682, 1406
159, 0, 8, 52, 52, 9, 2.82%, 2, 0, 2, 40.47, 6884, 1406
164, 0, 8, 52, 52, 9, 2.82%, 2, 0, 2, 43.03, 7106, 1406
169, 0, 8, 54, 54, 9, 2.82%, 2, 0, 2, 41.55, 7309, 1406
174, 0, 8, 55, 55, 9, 2.82%, 2, 0, 2, 41.13, 7520, 1406
179, 0, 8, 55, 55, 9, 2.82%, 2, 0, 2, 40.84, 7716, 1406
184, 0, 8, 55, 55, 9, 2.82%, 2, 0, 2, 40.88, 7934, 1406
189, 0, 8, 57, 57, 9, 2.82%, 2, 0, 2, 39.27, 8134, 1408
194, 0, 8, 57, 57, 9, 2.82%, 2, 0, 2, 36.64, 8309, 1408
200, 0, 8, 57, 57, 9, 2.82%, 2, 0, 2, 41.50, 8522, 1408
205, 0, 8, 57, 57, 9, 2.82%, 2, 0, 2, 36.25, 8707, 1408
210, 0, 8, 58, 58, 9, 2.82%, 2, 0, 2, 38.58, 8899, 1409
215, 0, 8, 58, 58, 9, 2.82%, 2, 0, 2, 38.34, 9091, 1409
220, 0, 8, 58, 58, 9, 2.82%, 2, 0, 2, 41.38, 9303, 1409
225, 0, 8, 58, 58, 9, 2.82%, 2, 0, 2, 36.09, 9489, 1409
230, 0, 8, 58, 58, 9, 2.82%, 2, 0, 2, 40.43, 9698, 1409
235, 0, 8, 58, 58, 9, 2.82%, 2, 0, 2, 80.42, 10070, 1409
240, 0, 8, 59, 59, 9, 2.83%, 3, 0, 2, 53.25, 10315, 1410
245, 0, 8, 60, 60, 9, 2.83%, 3, 0, 2, 44.19, 10521, 1413
251, 0, 8, 60, 60, 9, 2.83%, 3, 0, 2, 40.22, 10721, 1413
256, 0, 8, 60, 60, 9, 2.83%, 3, 0, 2, 40.92, 10924, 1413
261, 0, 8, 60, 60, 9, 2.83%, 3, 0, 2, 39.99, 11123, 1413
266, 0, 8, 60, 60, 9, 2.83%, 3, 0, 2, 40.09, 11324, 1413
271, 0, 8, 60, 60, 9, 2.83%, 3, 0, 2, 35.20, 11492, 1413
276, 0, 8, 60, 60, 9, 2.83%, 3, 0, 2, 39.10, 11694, 1413
281, 0, 8, 60, 60, 9, 2.83%, 3, 0, 2, 39.46, 11895, 1413
286, 0, 8, 61, 61, 9, 2.84%, 3, 0, 2, 56.27, 12157, 1417
291, 0, 8, 61, 61, 9, 2.84%, 3, 0, 2, 45.18, 12407, 1417
296, 0, 8, 61, 61, 9, 2.84%, 3, 0, 2, 43.00, 12619, 1417
302, 0, 8, 61, 61, 9, 2.84%, 3, 0, 2, 37.20, 12810, 1417
307, 0, 8, 61, 61, 9, 2.84%, 3, 0, 2, 39.20, 13016, 1417
312, 0, 8, 61, 61, 9, 2.84%, 3, 0, 2, 34.73, 13185, 1417
317, 0, 8, 62, 62, 9, 2.84%, 3, 0, 2, 39.78, 13394, 1417
322, 0, 8, 62, 62, 9, 2.84%, 3, 0, 2, 37.89, 13592, 1417
327, 0, 8, 62, 62, 9, 2.84%, 3, 0, 2, 35.85, 13774, 1417
332, 0, 8, 62, 62, 9, 2.84%, 3, 0, 2, 35.08, 13951, 1417
337, 0, 8, 62, 62, 9, 2.84%, 3, 0, 2, 38.72, 14155, 1417
342, 0, 8, 62, 62, 9, 2.84%, 3, 0, 2, 33.10, 14319, 1417
347, 0, 8, 62, 62, 9, 2.84%, 3, 0, 2, 34.32, 14498, 1417
352, 0, 8, 62, 62, 9, 2.84%, 3, 0, 2, 32.70, 14664, 1417
357, 0, 8, 64, 64, 9, 2.86%, 3, 0, 2, 53.56, 14993, 1426
362, 0, 8, 64, 64, 9, 2.86%, 3, 0, 2, 39.35, 15176, 1426
368, 0, 8, 64, 64, 9, 2.86%, 3, 0, 2, 37.12, 15366, 1426
373, 0, 8, 64, 64, 9, 2.86%, 3, 0, 2, 38.11, 15557, 1426
378, 0, 8, 66, 66, 9, 2.88%, 3, 0, 2, 37.58, 15749, 1435
383, 0, 8, 66, 66, 9, 2.88%, 3, 0, 2, 35.88, 15920, 1435
388, 0, 8, 67, 67, 9, 2.88%, 3, 0, 2, 39.88, 16133, 1438
393, 0, 8, 67, 67, 9, 2.88%, 3, 0, 2, 38.34, 16323, 1438
398, 0, 8, 67, 67, 9, 2.88%, 3, 0, 2, 35.67, 16505, 1438
404, 0, 8, 67, 67, 9, 2.88%, 3, 0, 2, 37.30, 16686, 1438
409, 0, 8, 67, 67, 9, 2.88%, 3, 0, 2, 40.61, 16889, 1438
414, 0, 8, 67, 67, 9, 2.88%, 3, 0, 2, 43.43, 17115, 1438
419, 0, 8, 67, 67, 9, 2.88%, 3, 0, 2, 44.86, 17342, 1438
424, 0, 8, 67, 67, 9, 2.88%, 3, 0, 2, 46.66, 17580, 1438
429, 0, 8, 68, 68, 9, 2.88%, 3, 0, 2, 56.80, 17911, 1439
434, 0, 8, 68, 68, 9, 2.88%, 3, 0, 2, 45.98, 18133, 1439
439, 0, 8, 68, 68, 9, 2.88%, 3, 0, 2, 33.07, 18299, 1439
444, 0, 8, 68, 68, 9, 2.88%, 3, 0, 2, 29.56, 18449, 1439
450, 0, 8, 68, 68, 9, 2.88%, 3, 0, 2, 34.08, 18619, 1439
455, 0, 8, 68, 68, 9, 2.88%, 3, 0, 2, 34.52, 18793, 1439
460, 0, 8, 68, 68, 9, 2.88%, 3, 0, 2, 33.73, 18958, 1439
465, 0, 8, 68, 68, 9, 2.88%, 3, 0, 2, 32.91, 19126, 1439
470, 0, 8, 68, 68, 9, 2.88%, 3, 0, 2, 38.47, 19331, 1439
475, 0, 8, 68, 68, 9, 2.88%, 3, 0, 2, 36.16, 19517, 1439
480, 0, 8, 68, 68, 9, 2.88%, 3, 0, 2, 39.41, 19717, 1439
485, 0, 8, 68, 68, 9, 2.88%, 3, 0, 2, 39.91, 19923, 1439
490, 0, 8, 68, 68, 9, 2.88%, 3, 0, 2, 40.33, 20127, 1439
495, 0, 8, 68, 68, 9, 2.88%, 3, 0, 2, 58.10, 20388, 1439
501, 0, 8, 68, 68, 9, 2.88%, 3, 0, 2, 41.59, 20596, 1439
506, 0, 8, 68, 68, 9, 2.88%, 3, 0, 2, 38.13, 20786, 1439
511, 0, 8, 68, 68, 9, 2.88%, 3, 0, 2, 52.39, 21047, 1439
516, 0, 8, 68, 68, 9, 2.88%, 3, 0, 2, 43.43, 21251, 1439
521, 0, 8, 68, 68, 9, 2.88%, 3, 0, 2, 41.19, 21452, 1439
526, 0, 8, 68, 68, 9, 2.88%, 3, 0, 2, 38.97, 21652, 1439
531, 0, 8, 68, 68, 9, 2.88%, 3, 0, 2, 40.82, 21851, 1439
536, 0, 8, 68, 68, 9, 2.88%, 3, 0, 2, 44.08, 22070, 1439
541, 0, 8, 68, 68, 9, 2.88%, 3, 0, 2, 39.33, 22253, 1439
546, 0, 8, 68, 68, 9, 2.88%, 3, 0, 2, 26.96, 22386, 1439
552, 0, 8, 68, 68, 9, 2.88%, 3, 0, 2, 27.78, 22518, 1439
557, 0, 8, 68, 68, 9, 2.88%, 3, 0, 2, 25.58, 22646, 1439
562, 0, 8, 68, 68, 9, 2.88%, 3, 0, 2, 28.11, 22802, 1439
567, 0, 8, 68, 68, 9, 2.88%, 3, 0, 2, 23.87, 22932, 1439
572, 0, 8, 68, 68, 9, 2.88%, 3, 0, 2, 21.13, 23035, 1439
577, 0, 8, 68, 68, 9, 2.88%, 3, 0, 2, 26.88, 23175, 1439
582, 0, 8, 68, 68, 9, 2.88%, 3, 0, 2, 25.62, 23312, 1439
588, 0, 8, 68, 68, 9, 2.88%, 3, 0, 2, 28.96, 23465, 1439
593, 0, 8, 68, 68, 9, 2.88%, 3, 0, 2, 26.66, 23599, 1439
598, 0, 8, 68, 68, 9, 2.88%, 3, 0, 2, 22.43, 23712, 1439
603, 0, 8, 68, 68, 9, 2.88%, 3, 0, 2, 30.42, 23876, 1439
608, 0, 8, 68, 68, 9, 2.88%, 3, 0, 2, 21.93, 23984, 1439
613, 0, 8, 68, 68, 9, 2.88%, 3, 0, 2, 44.54, 24175, 1439
618, 0, 8, 68, 68, 9, 2.88%, 3, 0, 2, 27.19, 24339, 1439
624, 0, 8, 68, 68, 9, 2.88%, 3, 0, 2, 26.76, 24479, 1439
629, 0, 8, 68, 68, 9, 2.88%, 3, 0, 2, 34.69, 24680, 1439
634, 0, 8, 68, 68, 9, 2.88%, 3, 0, 2, 29.63, 24827, 1439
639, 0, 8, 68, 68, 9, 2.88%, 3, 0, 2, 23.31, 24939, 1439
644, 0, 8, 68, 68, 9, 2.88%, 3, 0, 2, 25.79, 25073, 1439
649, 0, 8, 68, 68, 9, 2.88%, 3, 0, 2, 26.96, 25200, 1439
655, 0, 8, 68, 68, 9, 2.88%, 3, 0, 2, 26.89, 25356, 1439
660, 0, 8, 68, 68, 9, 2.88%, 3, 0, 2, 30.05, 25505, 1439
665, 0, 8, 68, 68, 9, 2.88%, 3, 0, 2, 33.99, 25688, 1439
670, 0, 8, 68, 68, 9, 2.88%, 3, 0, 2, 28.36, 25818, 1439
675, 0, 8, 68, 68, 9, 2.88%, 3, 0, 2, 26.96, 25941, 1439
680, 0, 8, 68, 68, 9, 2.88%, 3, 0, 2, 30.44, 26099, 1439
685, 0, 8, 68, 68, 9, 2.88%, 3, 0, 2, 30.18, 26242, 1439
691, 0, 8, 68, 68, 9, 2.88%, 3, 0, 2, 33.13, 26420, 1439
696, 0, 8, 68, 68, 9, 2.88%, 3, 0, 2, 39.08, 26652, 1439
701, 0, 8, 68, 68, 9, 2.88%, 3, 0, 2, 33.38, 26814, 1439
706, 0, 8, 68, 68, 9, 2.88%, 3, 0, 2, 30.10, 26974, 1439
711, 0, 8, 68, 68, 9, 2.88%, 3, 0, 2, 30.75, 27132, 1439
716, 0, 8, 68, 68, 9, 2.88%, 3, 0, 2, 28.85, 27271, 1439
721, 0, 8, 68, 68, 9, 2.88%, 3, 0, 2, 31.85, 27437, 1439
726, 0, 8, 68, 68, 9, 2.88%, 3, 0, 2, 38.70, 27639, 1439
732, 0, 8, 68, 68, 9, 2.88%, 3, 0, 2, 32.39, 27793, 1439
737, 0, 8, 68, 68, 9, 2.88%, 3, 0, 2, 37.58, 27995, 1439
742, 0, 8, 68, 68, 9, 2.88%, 3, 0, 2, 33.56, 28154, 1439
747, 0, 8, 68, 68, 9, 2.88%, 3, 0, 2, 27.90, 28296, 1439
752, 0, 8, 68, 68, 9, 2.88%, 3, 0, 2, 29.76, 28450, 1439
757, 0, 8, 68, 68, 9, 2.88%, 3, 0, 2, 29.86, 28592, 1439
762, 0, 8, 68, 68, 9, 2.88%, 3, 0, 2, 31.39, 28759, 1439
767, 0, 8, 68, 68, 9, 2.88%, 3, 0, 2, 32.00, 28926, 1439
772, 0, 8, 68, 68, 9, 2.88%, 3, 0, 2, 34.40, 29089, 1439
778, 0, 8, 69, 69, 9, 2.89%, 3, 0, 2, 41.40, 29300, 1440
783, 0, 8, 69, 69, 9, 2.89%, 3, 0, 2, 35.30, 29466, 1440
788, 0, 8, 69, 69, 9, 2.89%, 3, 0, 2, 35.05, 29651, 1440
793, 0, 8, 69, 69, 9, 2.89%, 3, 0, 2, 31.65, 29808, 1440
798, 0, 8, 69, 69, 9, 2.89%, 3, 0, 2, 33.77, 29979, 1440
803, 0, 8, 69, 69, 9, 2.89%, 3, 0, 2, 6.09, 30115, 1440
808, 0, 8, 69, 69, 9, 2.89%, 3, 0, 2, 27.37, 30287, 1440
813, 0, 8, 69, 69, 9, 2.89%, 3, 0, 2, 29.95, 30444, 1440
819, 0, 8, 69, 69, 9, 2.89%, 3, 0, 2, 31.26, 30605, 1440
824, 0, 8, 69, 69, 9, 2.89%, 3, 0, 2, 27.66, 30745, 1440
829, 0, 8, 69, 69, 9, 2.89%, 3, 0, 2, 30.72, 30904, 1440
834, 0, 8, 69, 69, 9, 2.89%, 3, 0, 2, 26.25, 31030, 1440
839, 0, 8, 69, 69, 9, 2.89%, 3, 0, 2, 67.39, 31369, 1440
844, 0, 8, 69, 69, 9, 2.89%, 3, 0, 2, 47.26, 31613, 1440
849, 0, 8, 69, 69, 9, 2.89%, 3, 0, 2, 34.42, 31769, 1440
854, 0, 8, 69, 69, 9, 2.89%, 3, 0, 2, 31.13, 31922, 1440
860, 0, 8, 69, 69, 9, 2.89%, 3, 0, 2, 31.57, 32076, 1440
865, 0, 8, 69, 69, 9, 2.89%, 3, 0, 2, 32.56, 32235, 1440
870, 0, 8, 69, 69, 9, 2.89%, 3, 0, 2, 33.29, 32405, 1440
875, 0, 8, 69, 69, 9, 2.89%, 3, 0, 2, 33.79, 32582, 1440
880, 0, 8, 69, 69, 9, 2.89%, 3, 0, 2, 32.68, 32741, 1440
885, 0, 8, 69, 69, 9, 2.89%, 3, 0, 2, 34.21, 32911, 1440
890, 0, 8, 69, 69, 9, 2.89%, 3, 0, 2, 39.06, 33098, 1440
895, 0, 8, 69, 69, 9, 2.89%, 3, 0, 2, 35.57, 33278, 1440
900, 0, 8, 69, 69, 9, 2.89%, 3, 0, 2, 29.47, 33427, 1440
905, 0, 8, 69, 69, 9, 2.89%, 3, 0, 2, 31.31, 33583, 1440
910, 0, 8, 69, 69, 9, 2.89%, 3, 0, 2, 36.05, 33767, 1440
916, 0, 8, 69, 69, 9, 2.89%, 3, 0, 2, 27.27, 33901, 1440
921, 0, 8, 69, 69, 9, 2.89%, 3, 0, 2, 32.71, 34062, 1440
926, 0, 8, 69, 69, 9, 2.89%, 3, 0, 2, 35.47, 34242, 1440
931, 0, 8, 69, 69, 9, 2.89%, 3, 0, 2, 31.22, 34402, 1440
936, 0, 8, 69, 69, 9, 2.89%, 3, 0, 2, 31.65, 34553, 1440
941, 0, 8, 69, 69, 9, 2.89%, 3, 0, 2, 32.85, 34711, 1440
946, 0, 8, 69, 69, 9, 2.89%, 3, 0, 2, 31.66, 34869, 1440
951, 0, 8, 69, 69, 9, 2.89%, 3, 0, 2, 29.07, 35018, 1440
956, 0, 8, 69, 69, 9, 2.89%, 3, 0, 2, 36.45, 35221, 1440
962, 0, 8, 69, 69, 9, 2.89%, 3, 0, 2, 28.84, 35359, 1440
967, 0, 8, 69, 69, 9, 2.89%, 3, 0, 2, 30.12, 35502, 1440
972, 0, 8, 69, 69, 9, 2.89%, 3, 0, 2, 31.04, 35647, 1440
977, 0, 8, 69, 69, 9, 2.89%, 3, 0, 2, 34.24, 35828, 1440
982, 0, 8, 69, 69, 9, 2.89%, 3, 0, 2, 29.95, 35977, 1440
987, 0, 8, 69, 69, 9, 2.89%, 3, 0, 2, 31.20, 36141, 1440
992, 0, 8, 69, 69, 9, 2.89%, 3, 0, 2, 35.55, 36323, 1440
997, 0, 8, 69, 69, 9, 2.89%, 3, 0, 2, 32.96, 36471, 1440
1002, 0, 8, 69, 69, 9, 2.89%, 3, 0, 2, 33.18, 36642, 1440
1007, 0, 8, 69, 69, 9, 2.89%, 3, 0, 2, 32.89, 36811, 1440
1012, 0, 8, 69, 69, 9, 2.89%, 3, 0, 2, 35.10, 36984, 1440
1017, 0, 8, 69, 69, 9, 2.89%, 3, 0, 2, 31.94, 37132, 1440
1023, 0, 8, 69, 69, 9, 2.89%, 3, 0, 2, 30.34, 37281, 1440
1028, 0, 8, 69, 69, 9, 2.89%, 3, 0, 2, 37.64, 37501, 1440
1033, 0, 8, 69, 69, 9, 2.89%, 3, 0, 2, 31.54, 37644, 1440
1038, 0, 8, 69, 69, 9, 2.89%, 3, 0, 2, 37.44, 37809, 1440
1043, 0, 8, 69, 69, 9, 2.89%, 3, 0, 2, 33.45, 37965, 1440
1048, 0, 8, 69, 69, 9, 2.89%, 3, 0, 2, 30.17, 38116, 1440
1053, 0, 8, 69, 69, 9, 2.89%, 3, 0, 2, 29.22, 38267, 1440
1058, 0, 8, 69, 69, 9, 2.89%, 3, 0, 2, 29.86, 38420, 1440
1063, 0, 8, 69, 69, 9, 2.89%, 3, 0, 2, 29.50, 38565, 1440
1069, 0, 8, 69, 69, 9, 2.89%, 3, 0, 2, 30.97, 38719, 1440
1074, 0, 8, 69, 69, 9, 2.89%, 3, 0, 2, 30.89, 38875, 1440
1079, 0, 8, 69, 69, 9, 2.89%, 3, 0, 2, 33.99, 39038, 1440
1084, 0, 8, 69, 69, 9, 2.89%, 3, 0, 2, 31.76, 39207, 1440
1089, 0, 8, 69, 69, 9, 2.89%, 3, 0, 2, 34.04, 39382, 1440
1094, 0, 8, 69, 69, 9, 2.89%, 3, 0, 2, 10.99, 39562, 1440
1099, 0, 8, 69, 69, 9, 2.89%, 3, 0, 2, 25.29, 39709, 1440
1104, 0, 8, 69, 69, 9, 2.89%, 3, 0, 2, 25.71, 39845, 1440
1109, 0, 8, 69, 69, 9, 2.89%, 3, 0, 2, 27.00, 39977, 1440
1114, 0, 8, 69, 69, 9, 2.89%, 3, 0, 2, 24.60, 40103, 1440
1120, 0, 8, 69, 69, 9, 2.89%, 3, 0, 2, 25.81, 40252, 1440
1125, 0, 8, 69, 69, 9, 2.89%, 3, 0, 2, 24.11, 40371, 1440
1130, 0, 8, 69, 69, 9, 2.89%, 3, 0, 2, 23.14, 40482, 1440
1135, 0, 8, 69, 69, 9, 2.89%, 3, 0, 2, 32.03, 40642, 1440
1140, 0, 8, 69, 69, 9, 2.89%, 3, 0, 2, 39.72, 40890, 1440
1145, 0, 8, 69, 69, 9, 2.89%, 3, 0, 2, 25.92, 40997, 1440
1150, 0, 8, 69, 69, 9, 2.89%, 3, 0, 2, 27.72, 41133, 1440
1155, 0, 8, 69, 69, 9, 2.89%, 3, 0, 2, 23.95, 41246, 1440
1160, 0, 8, 70, 70, 9, 2.89%, 3, 0, 2, 24.40, 41365, 1443
1165, 0, 8, 70, 70, 9, 2.89%, 3, 0, 2, 22.11, 41471, 1443
1170, 0, 8, 70, 70, 9, 2.89%, 3, 0, 2, 16.67, 41551, 1443
1176, 0, 8, 70, 70, 9, 2.89%, 3, 0, 2, 25.16, 41686, 1443
1181, 0, 8, 70, 70, 9, 2.89%, 3, 0, 2, 29.37, 41839, 1443
1186, 0, 8, 70, 70, 9, 2.89%, 3, 0, 2, 30.05, 41992, 1443
1191, 0, 8, 70, 70, 9, 2.89%, 3, 0, 2, 34.88, 42171, 1443
1196, 0, 8, 70, 70, 9, 2.89%, 3, 0, 2, 44.32, 42432, 1443
1201, 0, 8, 70, 70, 9, 2.89%, 3, 0, 2, 32.67, 42571, 1443
1206, 0, 8, 70, 70, 9, 2.89%, 3, 0, 2, 28.08, 42702, 1443
1211, 0, 8, 70, 70, 9, 2.89%, 3, 0, 2, 24.56, 42812, 1443
1216, 0, 8, 70, 70, 9, 2.89%, 3, 0, 2, 24.10, 42920, 1443
1221, 0, 8, 70, 70, 9, 2.89%, 3, 0, 2, 31.08, 43081, 1443
1226, 0, 8, 70, 70, 9, 2.89%, 3, 0, 2, 25.02, 43205, 1443
1231, 0, 8, 70, 70, 9, 2.89%, 3, 0, 2, 25.03, 43335, 1443
1237, 0, 8, 70, 70, 9, 2.89%, 3, 0, 2, 22.11, 43449, 1443
1242, 0, 8, 70, 70, 9, 2.89%, 3, 0, 2, 26.39, 43590, 1443
1247, 0, 8, 70, 70, 9, 2.89%, 3, 0, 2, 33.55, 43758, 1443
1252, 0, 8, 70, 70, 9, 2.89%, 3, 0, 2, 34.75, 43931, 1443
1257, 0, 8, 70, 70, 9, 2.89%, 3, 0, 2, 40.63, 44129, 1443
1262, 0, 8, 70, 70, 9, 2.89%, 3, 0, 2, 33.57, 44304, 1443
1267, 0, 8, 70, 70, 9, 2.89%, 3, 0, 2, 31.26, 44462, 1443
1272, 0, 8, 70, 70, 9, 2.89%, 3, 0, 2, 27.29, 44593, 1443
1277, 0, 8, 70, 70, 9, 2.89%, 3, 0, 2, 31.03, 44744, 1443
1282, 0, 8, 70, 70, 9, 2.89%, 3, 0, 2, 26.22, 44874, 1443
1288, 0, 8, 70, 70, 9, 2.89%, 3, 0, 2, 31.32, 45040, 1443
1293, 0, 8, 70, 70, 9, 2.89%, 3, 0, 2, 34.01, 45220, 1443
1298, 0, 8, 70, 70, 9, 2.89%, 3, 0, 2, 33.84, 45401, 1443
1303, 0, 8, 70, 70, 9, 2.89%, 3, 0, 2, 40.35, 45611, 1443
1308, 0, 8, 70, 70, 9, 2.89%, 3, 0, 2, 33.69, 45779, 1443
1313, 0, 8, 70, 70, 9, 2.89%, 3, 0, 2, 32.18, 45937, 1443
1318, 0, 8, 70, 70, 9, 2.89%, 3, 0, 2, 34.72, 46107, 1443
1324, 0, 8, 70, 70, 9, 2.89%, 3, 0, 2, 46.23, 46338, 1443
1329, 0, 8, 70, 70, 9, 2.89%, 3, 0, 2, 38.21, 46517, 1443
1334, 0, 8, 74, 74, 9, 2.91%, 3, 0, 2, 36.09, 46674, 1452
1339, 0, 8, 84, 84, 9, 2.92%, 4, 0, 2, 32.99, 46833, 1457
1344, 0, 8, 98, 98, 9, 2.93%, 12, 0, 2, 35.92, 47029, 1463
1350, 0, 8, 109, 109, 9, 2.95%, 15, 0, 2, 42.19, 47259, 1472
1355, 0, 8, 113, 113, 9, 2.96%, 18, 0, 2, 41.61, 47455, 1475
1360, 0, 8, 115, 115, 9, 2.96%, 22, 0, 2, 40.18, 47652, 1475
1366, 0, 8, 118, 118, 9, 2.96%, 27, 0, 2, 45.05, 47884, 1475
1371, 0, 8, 121, 121, 9, 2.96%, 29, 0, 2, 41.75, 48071, 1479
1376, 0, 8, 124, 124, 9, 2.96%, 29, 0, 2, 36.25, 48249, 1479
1381, 0, 8, 127, 127, 9, 2.96%, 29, 0, 2, 35.33, 48417, 1479
1387, 0, 8, 130, 130, 9, 2.96%, 30, 0, 2, 35.92, 48618, 1479
1392, 0, 8, 132, 132, 9, 2.99%, 30, 0, 2, 34.37, 48797, 1492
1397, 0, 8, 134, 134, 9, 2.99%, 30, 0, 2, 39.28, 48986, 1493
1402, 0, 8, 134, 134, 9, 2.99%, 31, 0, 2, 35.56, 49162, 1493
1407, 0, 8, 135, 135, 9, 2.99%, 31, 0, 2, 34.42, 49344, 1493
1412, 0, 8, 139, 139, 9, 2.99%, 32, 0, 2, 35.35, 49520, 1493
1417, 0, 8, 141, 141, 9, 2.99%, 32, 0, 2, 37.75, 49700, 1493
1422, 0, 8, 145, 145, 9, 2.99%, 33, 0, 2, 40.83, 49891, 1493
1428, 0, 8, 145, 145, 9, 2.99%, 33, 0, 2, 35.27, 50063, 1493
1433, 0, 8, 147, 147, 9, 2.99%, 34, 0, 2, 38.98, 50264, 1493
1438, 0, 8, 147, 147, 9, 2.99%, 34, 0, 2, 34.28, 50417, 1493
1443, 0, 8, 148, 148, 9, 2.99%, 36, 0, 2, 46.61, 50653, 1493
1448, 0, 8, 148, 148, 9, 2.99%, 36, 0, 2, 45.13, 50866, 1493
1453, 0, 8, 149, 149, 9, 2.99%, 36, 0, 2, 43.51, 51093, 1493
1458, 0, 8, 150, 150, 9, 2.99%, 36, 0, 2, 46.96, 51264, 1493
1464, 0, 8, 152, 152, 9, 2.99%, 36, 0, 2, 38.57, 51448, 1493
1469, 0, 8, 152, 152, 9, 2.99%, 37, 0, 2, 33.55, 51608, 1493
1474, 0, 8, 152, 152, 9, 2.99%, 37, 0, 2, 36.27, 51795, 1493
1479, 0, 8, 152, 152, 9, 2.99%, 37, 0, 2, 30.99, 51933, 1493
1484, 0, 8, 152, 152, 9, 2.99%, 37, 0, 2, 30.68, 52096, 1493
1489, 0, 8, 152, 152, 9, 2.99%, 37, 0, 2, 32.58, 52241, 1493
1495, 0, 8, 154, 154, 9, 2.99%, 37, 0, 2, 37.14, 52453, 1493
1500, 0, 8, 155, 155, 9, 2.99%, 37, 0, 2, 40.25, 52681, 1493
1505, 0, 8, 157, 157, 9, 2.99%, 38, 0, 2, 38.42, 52871, 1493
1510, 0, 8, 157, 157, 9, 2.99%, 39, 0, 2, 44.13, 53103, 1493
1515, 0, 8, 157, 157, 9, 2.99%, 39, 0, 2, 36.16, 53281, 1493
1520, 0, 8, 158, 158, 9, 2.99%, 39, 0, 2, 40.39, 53481, 1493
1525, 0, 8, 159, 159, 9, 2.99%, 40, 0, 2, 45.78, 53709, 1494
1530, 0, 8, 160, 160, 9, 3.00%, 41, 0, 2, 43.07, 53921, 1497
1536, 0, 8, 161, 161, 9, 3.00%, 43, 0, 2, 40.64, 54124, 1497
1541, 0, 8, 161, 161, 9, 3.00%, 44, 0, 2, 36.42, 54306, 1497
1546, 0, 8, 162, 162, 9, 3.00%, 45, 0, 2, 44.29, 54540, 1497
1551, 0, 8, 162, 162, 9, 3.00%, 45, 0, 2, 38.93, 54739, 1497
1556, 0, 8, 163, 163, 9, 3.00%, 45, 0, 2, 44.52, 54978, 1497
1561, 0, 8, 164, 164, 9, 3.00%, 45, 0, 2, 46.35, 55218, 1497
1566, 0, 8, 164, 164, 9, 3.00%, 46, 0, 2, 49.05, 55462, 1497
1572, 0, 8, 164, 164, 9, 3.00%, 46, 0, 2, 43.93, 55699, 1497
1577, 0, 8, 164, 164, 9, 3.00%, 46, 0, 2, 41.54, 55898, 1497
1582, 0, 8, 164, 164, 9, 3.00%, 46, 0, 2, 47.28, 56147, 1497
1587, 0, 8, 164, 164, 9, 3.00%, 46, 0, 2, 40.14, 56335, 1497
1592, 0, 8, 164, 164, 9, 3.00%, 46, 0, 2, 40.66, 56532, 1497
1597, 0, 8, 164, 164, 9, 3.00%, 46, 0, 2, 36.21, 56713, 1497
1602, 0, 8, 165, 165, 9, 3.00%, 46, 0, 2, 41.70, 56906, 1497
1607, 0, 8, 165, 165, 9, 3.00%, 46, 0, 2, 43.05, 57128, 1497
1612, 0, 8, 165, 165, 9, 3.00%, 46, 0, 2, 46.84, 57357, 1497
1617, 0, 8, 165, 165, 9, 3.00%, 46, 0, 2, 42.48, 57576, 1497
1622, 0, 8, 165, 165, 9, 3.00%, 46, 0, 2, 47.20, 57815, 1497
1627, 0, 8, 165, 165, 9, 3.00%, 46, 0, 2, 45.57, 58060, 1497
1632, 0, 8, 166, 166, 9, 3.00%, 46, 0, 2, 35.88, 58234, 1497
1637, 0, 8, 166, 166, 9, 3.00%, 47, 0, 2, 53.15, 58492, 1497
1643, 0, 8, 167, 167, 9, 3.00%, 47, 0, 2, 40.69, 58672, 1497
1648, 0, 8, 168, 168, 9, 3.00%, 47, 0, 2, 35.28, 58855, 1497
1653, 0, 8, 169, 169, 9, 3.00%, 47, 0, 2, 35.59, 59030, 1497
1658, 0, 8, 169, 169, 9, 3.00%, 47, 0, 2, 41.20, 59235, 1497
1663, 0, 8, 169, 169, 9, 3.00%, 47, 0, 2, 31.99, 59395, 1497
1668, 0, 8, 169, 169, 9, 3.00%, 47, 0, 2, 35.90, 59580, 1497
1673, 0, 8, 169, 169, 9, 3.00%, 47, 0, 2, 43.16, 59804, 1497
1679, 0, 8, 170, 170, 9, 3.00%, 47, 0, 2, 36.91, 59995, 1497
1684, 0, 8, 170, 170, 9, 3.00%, 47, 0, 2, 33.60, 60155, 1497
1689, 0, 8, 170, 170, 9, 3.00%, 47, 0, 2, 30.95, 60316, 1497
1694, 0, 8, 170, 170, 9, 3.00%, 47, 0, 2, 33.33, 60491, 1497
1699, 0, 8, 170, 170, 9, 3.00%, 48, 0, 2, 36.27, 60682, 1497
1704, 0, 8, 170, 170, 9, 3.00%, 48, 0, 2, 39.89, 60866, 1497
1709, 0, 8, 170, 170, 9, 3.00%, 48, 0, 2, 38.99, 61050, 1497
1715, 0, 8, 170, 170, 9, 3.00%, 48, 0, 2, 36.58, 61217, 1497
1720, 0, 8, 170, 170, 9, 3.00%, 48, 0, 2, 42.73, 61450, 1497
1725, 0, 8, 170, 170, 9, 3.00%, 48, 0, 2, 32.80, 61604, 1497
1730, 0, 8, 170, 170, 9, 3.00%, 49, 0, 2, 45.86, 61844, 1497
1735, 0, 8, 172, 172, 9, 3.00%, 49, 0, 2, 45.79, 62087, 1497
1740, 0, 8, 172, 172, 9, 3.00%, 49, 0, 2, 42.21, 62295, 1497
1745, 0, 8, 173, 173, 9, 3.00%, 49, 0, 2, 36.76, 62461, 1497
1750, 0, 8, 173, 173, 9, 3.00%, 49, 0, 2, 33.56, 62622, 1497
1755, 0, 8, 173, 173, 9, 3.00%, 49, 0, 2, 35.84, 62819, 1497
1760, 0, 8, 173, 173, 9, 3.00%, 49, 0, 2, 38.64, 63008, 1497
1765, 0, 8, 173, 173, 9, 3.00%, 49, 0, 2, 29.73, 63146, 1497
1771, 0, 8, 174, 174, 9, 3.00%, 49, 0, 2, 29.30, 63278, 1497
1776, 0, 8, 174, 174, 9, 3.00%, 49, 0, 2, 36.37, 63464, 1497
1781, 0, 8, 174, 174, 9, 3.00%, 49, 0, 2, 38.42, 63647, 1497
1786, 0, 8, 174, 174, 9, 3.00%, 49, 0, 2, 40.97, 63852, 1497
1791, 0, 8, 174, 174, 9, 3.00%, 49, 0, 2, 35.41, 64027, 1497
1796, 0, 8, 174, 174, 9, 3.00%, 49, 0, 2, 30.24, 64180, 1497
1801, 0, 8, 174, 174, 9, 3.00%, 49, 0, 2, 33.30, 64342, 1497
1806, 0, 8, 174, 174, 9, 3.00%, 49, 0, 2, 43.22, 64543, 1497
1811, 0, 8, 174, 174, 9, 3.00%, 49, 0, 2, 36.80, 64712, 1497
1817, 0, 8, 174, 174, 9, 3.00%, 49, 0, 2, 33.25, 64888, 1497
1822, 0, 8, 175, 175, 9, 3.00%, 49, 0, 2, 33.80, 65058, 1497
1827, 0, 8, 175, 175, 9, 3.00%, 49, 0, 2, 35.74, 65229, 1497
1832, 0, 8, 175, 175, 9, 3.00%, 49, 0, 2, 34.96, 65402, 1497
1837, 0, 8, 175, 175, 9, 3.00%, 49, 0, 2, 36.01, 65583, 1497
1842, 0, 8, 175, 175, 9, 3.00%, 49, 0, 2, 31.02, 65743, 1497
1847, 0, 8, 175, 175, 9, 3.00%, 49, 0, 2, 36.06, 65938, 1497
1852, 0, 8, 175, 175, 9, 3.00%, 49, 0, 2, 35.37, 66116, 1497
1857, 0, 8, 175, 175, 9, 3.00%, 49, 0, 2, 38.71, 66322, 1497
1862, 0, 8, 176, 176, 9, 3.00%, 49, 0, 2, 41.24, 66495, 1498
1868, 0, 8, 176, 176, 9, 3.00%, 49, 0, 2, 40.08, 66704, 1498
1873, 0, 8, 176, 176, 9, 3.00%, 49, 0, 2, 45.66, 66938, 1498
1878, 0, 8, 176, 176, 9, 3.00%, 49, 0, 2, 34.08, 67107, 1498
1883, 0, 8, 176, 176, 9, 3.00%, 49, 0, 2, 29.81, 67245, 1498
1888, 0, 8, 176, 176, 9, 3.00%, 49, 0, 2, 35.91, 67435, 1498
1893, 0, 8, 176, 176, 9, 3.00%, 49, 0, 2, 36.95, 67630, 1498
1899, 0, 8, 176, 176, 9, 3.00%, 50, 0, 2, 36.31, 67808, 1498
1904, 0, 8, 178, 178, 9, 3.00%, 50, 0, 2, 31.31, 67954, 1498
1909, 0, 8, 178, 178, 9, 3.00%, 50, 0, 2, 7.22, 68175, 1498
1914, 0, 8, 178, 178, 9, 3.00%, 50, 0, 2, 29.91, 68371, 1498
1919, 0, 8, 178, 178, 9, 3.00%, 50, 0, 2, 30.90, 68538, 1498
1924, 0, 8, 178, 178, 9, 3.00%, 50, 0, 2, 27.34, 68674, 1498
1930, 0, 8, 178, 178, 9, 3.00%, 50, 0, 2, 29.64, 68830, 1498
1935, 0, 8, 178, 178, 9, 3.00%, 50, 0, 2, 35.32, 69020, 1498
1940, 0, 8, 178, 178, 9, 3.00%, 50, 0, 2, 41.65, 69231, 1498
1945, 0, 8, 178, 178, 9, 3.00%, 50, 0, 2, 38.30, 69437, 1498
1950, 0, 8, 179, 179, 9, 3.00%, 51, 0, 2, 44.55, 69660, 1498
1955, 0, 8, 179, 179, 9, 3.00%, 51, 0, 2, 43.82, 69883, 1498
1961, 0, 8, 179, 179, 9, 3.00%, 51, 0, 2, 40.61, 70085, 1498
1966, 0, 8, 179, 179, 9, 3.00%, 51, 0, 2, 35.17, 70258, 1498
1971, 0, 8, 179, 179, 9, 3.00%, 51, 0, 2, 44.06, 70486, 1498
1976, 0, 8, 179, 179, 9, 3.00%, 51, 0, 2, 35.90, 70669, 1498
1981, 0, 8, 179, 179, 9, 3.00%, 51, 0, 2, 38.22, 70857, 1498
1986, 0, 8, 179, 179, 9, 3.00%, 51, 0, 2, 40.64, 71083, 1498
1991, 0, 8, 179, 179, 9, 3.00%, 51, 0, 2, 36.16, 71243, 1498
1996, 0, 8, 179, 179, 9, 3.00%, 51, 0, 2, 30.55, 71393, 1498
2001, 0, 8, 180, 180, 9, 3.00%, 51, 0, 2, 33.00, 71553, 1498
2007, 0, 8, 180, 180, 9, 3.00%, 51, 0, 2, 35.61, 71753, 1498
2012, 0, 8, 180, 180, 9, 3.00%, 51, 0, 2, 29.59, 71899, 1498
2017, 0, 8, 180, 180, 9, 3.00%, 51, 0, 2, 38.16, 72087, 1498
2022, 0, 8, 180, 180, 9, 3.00%, 51, 0, 2, 35.54, 72261, 1498
2027, 0, 8, 180, 180, 9, 3.00%, 51, 0, 2, 43.82, 72494, 1498
2032, 0, 8, 180, 180, 9, 3.00%, 51, 0, 2, 42.75, 72691, 1498
2037, 0, 8, 180, 180, 9, 3.00%, 51, 0, 2, 42.97, 72895, 1498
2043, 0, 8, 180, 180, 9, 3.00%, 51, 0, 2, 38.72, 73087, 1498
2048, 0, 8, 180, 180, 9, 3.00%, 51, 0, 2, 33.14, 73239, 1498
2053, 0, 8, 180, 180, 9, 3.00%, 51, 0, 2, 43.68, 73478, 1498
2058, 0, 8, 180, 180, 9, 3.00%, 51, 0, 2, 35.11, 73645, 1498
2063, 0, 8, 180, 180, 9, 3.00%, 51, 0, 2, 35.88, 73826, 1498
2068, 0, 8, 180, 180, 9, 3.00%, 51, 0, 2, 26.53, 74007, 1498
2073, 0, 8, 180, 180, 9, 3.00%, 51, 0, 2, 36.88, 74221, 1498
2079, 0, 8, 180, 180, 9, 3.00%, 51, 0, 2, 45.11, 74467, 1498
2084, 0, 8, 180, 180, 9, 3.00%, 51, 0, 2, 14.43, 74681, 1498
2089, 0, 8, 180, 180, 9, 3.00%, 51, 0, 2, 37.32, 74906, 1498
2094, 0, 8, 180, 180, 9, 3.00%, 51, 0, 2, 36.74, 75091, 1498
2099, 0, 8, 180, 180, 9, 3.00%, 51, 0, 2, 48.63, 75294, 1498
2104, 0, 8, 181, 181, 9, 3.00%, 51, 0, 2, 47.88, 75505, 1498
2109, 0, 8, 181, 181, 9, 3.00%, 51, 0, 2, 34.54, 75654, 1498
2114, 0, 8, 181, 181, 9, 3.00%, 51, 0, 2, 41.83, 75862, 1498
2119, 0, 8, 181, 181, 9, 3.00%, 51, 0, 2, 42.64, 76074, 1498
2124, 0, 8, 182, 182, 9, 3.01%, 51, 0, 2, 41.82, 76295, 1500
2129, 0, 8, 182, 182, 9, 3.01%, 51, 0, 2, 38.04, 76487, 1500
2135, 0, 8, 182, 182, 9, 3.01%, 51, 0, 2, 40.42, 76707, 1500
2140, 0, 8, 182, 182, 9, 3.01%, 52, 0, 2, 43.07, 76920, 1500
2145, 0, 8, 182, 182, 9, 3.01%, 52, 0, 2, 44.97, 77148, 1500
2150, 0, 8, 182, 182, 9, 3.01%, 52, 0, 2, 43.96, 77370, 1500
2155, 0, 8, 182, 182, 9, 3.01%, 52, 0, 2, 39.58, 77575, 1500
2160, 0, 8, 182, 182, 9, 3.01%, 52, 0, 2, 25.40, 77690, 1500
2165, 0, 8, 182, 182, 9, 3.01%, 52, 0, 2, 32.35, 77860, 1500
2170, 0, 8, 182, 182, 9, 3.01%, 52, 0, 2, 36.21, 78053, 1500
2175, 0, 8, 182, 182, 9, 3.01%, 52, 0, 2, 37.83, 78243, 1500
2180, 0, 8, 183, 183, 9, 3.01%, 52, 0, 2, 37.29, 78450, 1500
2186, 0, 8, 183, 183, 9, 3.01%, 52, 0, 2, 36.16, 78628, 1500
2191, 0, 8, 184, 184, 9, 3.01%, 52, 0, 2, 34.08, 78805, 1500
2196, 0, 8, 184, 184, 9, 3.01%, 52, 0, 2, 41.65, 79010, 1500
2201, 0, 8, 184, 184, 9, 3.01%, 52, 0, 2, 51.71, 79258, 1500
2206, 0, 8, 185, 185, 9, 3.01%, 52, 0, 2, 35.77, 79480, 1500
2211, 0, 8, 185, 185, 9, 3.01%, 52, 0, 2, 43.37, 79669, 1500
2216, 0, 8, 185, 185, 9, 3.01%, 52, 0, 2, 38.82, 79847, 1500
2221, 0, 8, 185, 185, 9, 3.01%, 52, 0, 2, 44.23, 80074, 1500
2226, 0, 8, 185, 185, 9, 3.01%, 52, 0, 2, 42.05, 80287, 1500
2231, 0, 8, 185, 185, 9, 3.01%, 52, 0, 2, 36.33, 80470, 1500
2237, 0, 8, 185, 185, 9, 3.01%, 52, 0, 2, 35.58, 80648, 1500
2242, 0, 8, 185, 185, 9, 3.01%, 52, 0, 2, 44.37, 80875, 1500
2247, 0, 8, 185, 185, 9, 3.01%, 52, 0, 2, 46.93, 81108, 1500
2252, 0, 8, 185, 185, 9, 3.01%, 52, 0, 2, 39.50, 81293, 1500
2257, 0, 8, 185, 185, 9, 3.01%, 52, 0, 2, 47.74, 81504, 1500
2262, 0, 8, 185, 185, 9, 3.01%, 52, 0, 2, 45.31, 81703, 1500
2267, 0, 8, 185, 185, 9, 3.01%, 52, 0, 2, 52.46, 81977, 1500
2272, 0, 8, 185, 185, 9, 3.01%, 52, 0, 2, 42.98, 82194, 1500
2277, 0, 8, 185, 185, 9, 3.01%, 52, 0, 2, 30.92, 82327, 1500
2283, 0, 8, 185, 185, 9, 3.01%, 52, 0, 2, 23.25, 82430, 1500
2288, 0, 8, 185, 185, 9, 3.01%, 52, 0, 2, 21.09, 82548, 1500
2293, 0, 8, 185, 185, 9, 3.01%, 52, 0, 2, 28.49, 82686, 1500
2298, 0, 8, 185, 185, 9, 3.01%, 52, 0, 2, 35.61, 82875, 1500
2303, 0, 8, 185, 185, 9, 3.01%, 52, 0, 2, 36.78, 83054, 1500
2308, 0, 8, 185, 185, 9, 3.01%, 52, 0, 2, 45.69, 83288, 1500
2313, 0, 8, 186, 186, 9, 3.01%, 52, 0, 2, 45.42, 83507, 1500
2318, 0, 8, 186, 186, 9, 3.01%, 52, 0, 2, 47.16, 83757, 1500
2324, 0, 8, 186, 186, 9, 3.01%, 52, 0, 2, 39.03, 83952, 1500
2329, 0, 8, 186, 186, 9, 3.01%, 52, 0, 2, 33.04, 84115, 1500
2334, 0, 8, 186, 186, 9, 3.01%, 52, 0, 2, 35.91, 84274, 1500
2339, 0, 8, 186, 186, 9, 3.01%, 52, 0, 2, 36.68, 84462, 1500
2344, 0, 8, 186, 186, 9, 3.01%, 52, 0, 2, 34.61, 84627, 1500
2349, 0, 8, 187, 187, 9, 3.01%, 52, 0, 2, 33.03, 84798, 1501
2354, 0, 8, 187, 187, 9, 3.01%, 52, 0, 2, 37.81, 84993, 1501
2359, 0, 8, 187, 187, 9, 3.01%, 52, 0, 2, 39.12, 85178, 1501
2364, 0, 8, 187, 187, 9, 3.01%, 52, 0, 2, 39.01, 85376, 1501
2370, 0, 8, 187, 187, 9, 3.01%, 52, 0, 2, 33.31, 85540, 1501
2375, 0, 8, 188, 188, 9, 3.01%, 52, 0, 2, 35.15, 85718, 1501
2380, 0, 8, 188, 188, 9, 3.01%, 53, 0, 2, 35.80, 85884, 1501
2385, 0, 8, 188, 188, 9, 3.01%, 53, 0, 2, 38.08, 86102, 1501
2390, 0, 8, 188, 188, 9, 3.01%, 53, 0, 2, 40.45, 86309, 1501
2395, 0, 8, 188, 188, 9, 3.01%, 53, 0, 2, 40.95, 86532, 1501
2400, 0, 8, 189, 189, 9, 3.01%, 53, 0, 2, 41.04, 86739, 1501
2406, 0, 8, 189, 189, 9, 3.01%, 53, 0, 2, 44.11, 86935, 1501
2411, 0, 8, 189, 189, 9, 3.01%, 53, 0, 2, 41.95, 87137, 1501
2416, 0, 8, 189, 189, 9, 3.01%, 53, 0, 2, 42.62, 87342, 1501
2421, 0, 8, 189, 189, 9, 3.01%, 53, 0, 2, 45.14, 87576, 1501
2426, 0, 8, 190, 190, 9, 3.01%, 53, 0, 2, 44.81, 87799, 1501
2431, 0, 8, 190, 190, 9, 3.01%, 53, 0, 2, 42.55, 87989, 1501
2436, 0, 8, 191, 191, 9, 3.01%, 53, 0, 2, 41.75, 88183, 1501
2441, 0, 8, 191, 191, 9, 3.01%, 53, 0, 2, 36.22, 88354, 1501
2446, 0, 8, 191, 191, 9, 3.01%, 54, 0, 2, 27.52, 88488, 1501
2451, 0, 8, 191, 191, 9, 3.01%, 54, 0, 2, 41.00, 88701, 1501
2456, 0, 8, 191, 191, 9, 3.01%, 54, 0, 2, 38.15, 88895, 1501
2461, 0, 8, 191, 191, 9, 3.01%, 54, 0, 2, 35.82, 89062, 1501
2467, 0, 8, 191, 191, 9, 3.01%, 54, 0, 2, 29.21, 89199, 1501
2472, 0, 8, 191, 191, 9, 3.01%, 54, 0, 2, 33.33, 89365, 1501
2477, 0, 8, 192, 192, 9, 3.01%, 54, 0, 2, 42.67, 89565, 1501
2482, 0, 8, 192, 192, 9, 3.01%, 54, 0, 2, 36.06, 89739, 1501
2487, 0, 8, 192, 192, 9, 3.01%, 54, 0, 2, 37.52, 89928, 1501
2492, 0, 8, 192, 192, 9, 3.01%, 54, 0, 2, 41.80, 90156, 1501
2497, 0, 8, 192, 192, 9, 3.01%, 54, 0, 2, 34.45, 90310, 1501
2503, 0, 8, 192, 192, 9, 3.01%, 54, 0, 2, 29.36, 90452, 1501
2508, 0, 8, 192, 192, 9, 3.01%, 54, 0, 2, 25.83, 90581, 1501
2513, 0, 8, 192, 192, 9, 3.01%, 54, 0, 2, 34.92, 90761, 1501
2518, 0, 8, 192, 192, 9, 3.01%, 54, 0, 2, 35.86, 90947, 1501
2523, 0, 8, 192, 192, 9, 3.01%, 55, 0, 2, 31.74, 91096, 1501
2528, 0, 8, 192, 192, 9, 3.01%, 55, 0, 2, 34.88, 91274, 1501
2533, 0, 8, 192, 192, 9, 3.01%, 55, 0, 2, 32.60, 91434, 1501
2538, 0, 8, 192, 192, 9, 3.01%, 55, 0, 2, 33.26, 91602, 1501
2544, 0, 8, 192, 192, 9, 3.01%, 55, 0, 2, 37.24, 91790, 1501
2549, 0, 8, 192, 192, 9, 3.01%, 55, 0, 2, 33.30, 91965, 1501
2554, 0, 8, 192, 192, 9, 3.01%, 55, 0, 2, 37.17, 92155, 1501
2559, 0, 8, 192, 192, 9, 3.01%, 55, 0, 2, 33.00, 92321, 1501
2564, 0, 8, 192, 192, 9, 3.01%, 55, 0, 2, 30.35, 92473, 1501
2569, 0, 8, 192, 192, 9, 3.01%, 55, 0, 2, 31.23, 92639, 1501
2574, 0, 8, 192, 192, 9, 3.01%, 55, 0, 2, 41.71, 92852, 1501
2579, 0, 8, 192, 192, 9, 3.01%, 55, 0, 2, 37.62, 93048, 1501
2584, 0, 8, 192, 192, 9, 3.01%, 55, 0, 2, 37.68, 93227, 1501
2589, 0, 8, 192, 192, 9, 3.01%, 55, 0, 2, 34.80, 93413, 1501
2594, 0, 8, 192, 192, 9, 3.01%, 55, 0, 2, 30.35, 93565, 1501
2599, 0, 8, 192, 192, 9, 3.01%, 55, 0, 2, 32.05, 93742, 1501
2605, 0, 8, 192, 192, 9, 3.01%, 55, 0, 2, 43.15, 93963, 1501
2610, 0, 8, 192, 192, 9, 3.01%, 55, 0, 2, 44.27, 94190, 1501
2615, 0, 8, 192, 192, 9, 3.01%, 55, 0, 2, 41.68, 94384, 1501
2620, 0, 8, 192, 192, 9, 3.01%, 55, 0, 2, 35.00, 94553, 1501
2625, 0, 8, 192, 192, 9, 3.01%, 55, 0, 2, 31.28, 94722, 1501
2630, 0, 8, 192, 192, 9, 3.01%, 55, 0, 2, 36.63, 94909, 1501
2635, 0, 8, 192, 192, 9, 3.01%, 55, 0, 2, 46.84, 95147, 1501
2640, 0, 8, 192, 192, 9, 3.01%, 55, 0, 2, 42.47, 95339, 1501
2645, 0, 8, 192, 192, 9, 3.01%, 55, 0, 2, 41.93, 95538, 1501
2650, 0, 8, 192, 192, 9, 3.01%, 55, 0, 2, 37.00, 95725, 1501
2656, 0, 8, 192, 192, 9, 3.01%, 55, 0, 2, 37.56, 95915, 1501
2661, 0, 8, 192, 192, 9, 3.01%, 55, 0, 2, 36.77, 96086, 1501
2666, 0, 8, 192, 192, 9, 3.01%, 55, 0, 2, 39.02, 96280, 1501
2671, 0, 8, 192, 192, 9, 3.01%, 56, 0, 2, 35.11, 96465, 1501
2676, 0, 8, 192, 192, 9, 3.01%, 57, 0, 2, 35.56, 96642, 1501
2681, 0, 8, 192, 192, 9, 3.01%, 57, 0, 2, 41.20, 96842, 1501
2686, 0, 8, 192, 192, 9, 3.01%, 57, 0, 2, 47.45, 97081, 1501
2691, 0, 8, 192, 192, 9, 3.01%, 57, 0, 2, 34.36, 97229, 1501
2697, 0, 8, 192, 192, 9, 3.01%, 57, 0, 2, 31.23, 97387, 1501
2702, 0, 8, 192, 192, 9, 3.01%, 57, 0, 2, 33.00, 97550, 1501
2707, 0, 8, 192, 192, 9, 3.01%, 57, 0, 2, 36.02, 97728, 1501
2712, 0, 8, 192, 192, 9, 3.01%, 57, 0, 2, 40.48, 97923, 1501
2717, 0, 8, 192, 192, 9, 3.01%, 57, 0, 2, 44.58, 98138, 1501
2722, 0, 8, 192, 192, 9, 3.01%, 57, 0, 2, 39.96, 98350, 1501
2727, 0, 8, 192, 192, 9, 3.01%, 57, 0, 2, 40.71, 98552, 1501
2732, 0, 8, 192, 192, 9, 3.01%, 57, 0, 2, 39.05, 98745, 1501
2737, 0, 8, 192, 192, 9, 3.01%, 57, 0, 2, 43.80, 98991, 1501
2742, 0, 8, 192, 192, 9, 3.01%, 57, 0, 2, 37.80, 99173, 1501
2748, 0, 8, 192, 192, 9, 3.01%, 57, 0, 2, 43.09, 99414, 1501
2753, 0, 8, 192, 192, 9, 3.01%, 57, 0, 2, 42.15, 99629, 1501
2758, 0, 8, 192, 192, 9, 3.01%, 57, 0, 2, 38.14, 99818, 1501
2763, 0, 8, 192, 192, 9, 3.01%, 57, 0, 2, 44.16, 100028, 1501
2768, 0, 8, 192, 192, 9, 3.01%, 57, 0, 2, 38.05, 100212, 1501
2773, 0, 8, 192, 192, 9, 3.01%, 57, 0, 2, 41.36, 100420, 1501
2778, 0, 8, 192, 192, 9, 3.01%, 57, 0, 2, 37.81, 100592, 1501
2783, 0, 8, 192, 192, 9, 3.01%, 57, 0, 2, 43.00, 100816, 1501
2788, 0, 8, 192, 192, 9, 3.01%, 57, 0, 2, 38.07, 100994, 1501
2793, 0, 8, 192, 192, 9, 3.01%, 57, 0, 2, 30.04, 101139, 1501
2798, 0, 8, 192, 192, 9, 3.01%, 57, 0, 2, 42.21, 101355, 1501
2804, 0, 8, 192, 192, 9, 3.01%, 58, 0, 2, 36.79, 101545, 1501
2809, 0, 8, 192, 192, 9, 3.01%, 58, 0, 2, 36.58, 101725, 1501
2814, 0, 8, 192, 192, 9, 3.01%, 58, 0, 2, 42.77, 101955, 1501
2819, 0, 8, 192, 192, 9, 3.01%, 58, 0, 2, 43.23, 102180, 1501
2824, 0, 8, 192, 192, 9, 3.01%, 58, 0, 2, 36.23, 102363, 1501
2829, 0, 8, 193, 193, 9, 3.01%, 58, 0, 2, 38.92, 102571, 1501
2834, 0, 8, 193, 193, 9, 3.01%, 58, 0, 2, 43.18, 102800, 1501
2839, 0, 8, 193, 193, 9, 3.01%, 58, 0, 2, 15.25, 103053, 1501
2844, 0, 8, 193, 193, 9, 3.01%, 58, 0, 2, 38.76, 103280, 1501
2850, 0, 8, 193, 193, 9, 3.01%, 58, 0, 2, 41.40, 103496, 1501
2855, 0, 8, 193, 193, 9, 3.01%, 58, 0, 2, 46.78, 103735, 1501
2860, 0, 8, 194, 194, 9, 3.01%, 59, 0, 2, 41.10, 103921, 1501
2865, 0, 8, 194, 194, 9, 3.01%, 59, 0, 2, 42.61, 104140, 1501
2870, 0, 8, 194, 194, 9, 3.01%, 59, 0, 2, 43.89, 104369, 1501
2875, 0, 8, 194, 194, 9, 3.01%, 59, 0, 2, 40.22, 104565, 1501
2880, 0, 8, 194, 194, 9, 3.01%, 59, 0, 2, 42.92, 104772, 1501
2885, 0, 8, 194, 194, 9, 3.01%, 59, 0, 2, 37.72, 104943, 1501
2890, 0, 8, 194, 194, 9, 3.01%, 59, 0, 2, 31.75, 105094, 1501
2896, 0, 8, 194, 194, 9, 3.01%, 59, 0, 2, 35.57, 105280, 1501
2901, 0, 8, 194, 194, 9, 3.01%, 59, 0, 2, 28.50, 105407, 1501
2906, 0, 8, 194, 194, 9, 3.01%, 59, 0, 2, 36.73, 105611, 1501
2911, 0, 8, 194, 194, 9, 3.01%, 59, 0, 2, 38.88, 105809, 1501
2916, 0, 8, 194, 194, 9, 3.01%, 59, 0, 2, 44.34, 106029, 1501
2921, 0, 8, 194, 194, 9, 3.01%, 59, 0, 2, 27.98, 106209, 1501
2926, 0, 8, 194, 194, 9, 3.01%, 59, 0, 2, 38.59, 106413, 1501
2931, 0, 8, 194, 194, 9, 3.01%, 59, 0, 2, 41.57, 106632, 1501
2937, 0, 8, 194, 194, 9, 3.01%, 59, 0, 2, 39.67, 106833, 1501
2942, 0, 8, 194, 194, 9, 3.01%, 59, 0, 2, 43.84, 107050, 1501
2947, 0, 8, 194, 194, 9, 3.01%, 59, 0, 2, 39.24, 107233, 1501
2952, 0, 8, 194, 194, 9, 3.01%, 59, 0, 2, 36.19, 107460, 1501
2957, 0, 8, 194, 194, 9, 3.01%, 59, 0, 2, 43.86, 107700, 1501
2962, 0, 8, 195, 195, 9, 3.01%, 59, 0, 2, 39.83, 107880, 1501
2967, 0, 8, 195, 195, 9, 3.01%, 59, 0, 2, 38.58, 108074, 1501
2972, 0, 8, 195, 195, 9, 3.01%, 59, 0, 2, 42.11, 108296, 1501
2977, 0, 8, 195, 195, 9, 3.01%, 59, 0, 2, 38.22, 108489, 1501
2982, 0, 8, 195, 195, 9, 3.01%, 59, 0, 2, 33.51, 108657, 1501
2987, 0, 8, 195, 195, 9, 3.01%, 59, 0, 2, 47.06, 108894, 1501
2993, 0, 8, 195, 195, 9, 3.01%, 59, 0, 2, 38.57, 109086, 1501
2998, 0, 8, 195, 195, 9, 3.01%, 59, 0, 2, 45.03, 109327, 1501
3003, 0, 8, 195, 195, 9, 3.01%, 59, 0, 2, 36.66, 109496, 1501
3008, 0, 8, 195, 195, 9, 3.01%, 59, 0, 2, 39.41, 109706, 1501
3013, 0, 8, 195, 195, 9, 3.01%, 59, 0, 2, 34.35, 109884, 1501
3018, 0, 8, 195, 195, 9, 3.01%, 60, 0, 2, 42.93, 110117, 1501
3023, 0, 8, 195, 195, 9, 3.01%, 60, 0, 2, 48.40, 110372, 1501
3028, 0, 8, 195, 195, 9, 3.01%, 60, 0, 2, 41.90, 110576, 1501
3034, 0, 8, 195, 195, 9, 3.01%, 60, 0, 2, 40.07, 110795, 1501
3039, 0, 8, 195, 195, 9, 3.01%, 60, 0, 2, 42.17, 111018, 1501
3044, 0, 8, 195, 195, 9, 3.01%, 60, 0, 2, 44.64, 111242, 1501
3049, 0, 8, 195, 195, 9, 3.01%, 60, 0, 2, 39.71, 111425, 1501
3054, 0, 8, 195, 195, 9, 3.01%, 60, 0, 2, 33.41, 111608, 1501
3059, 0, 8, 195, 195, 9, 3.01%, 60, 0, 2, 45.79, 111859, 1501
3064, 0, 8, 195, 195, 9, 3.01%, 60, 0, 2, 48.61, 112121, 1501
3069, 0, 8, 195, 195, 9, 3.01%, 60, 0, 2, 40.95, 112322, 1501
3074, 0, 8, 196, 196, 9, 3.01%, 60, 0, 2, 38.78, 112516, 1501
3079, 0, 8, 196, 196, 9, 3.01%, 60, 0, 2, 35.82, 112694, 1501
3085, 0, 8, 196, 196, 9, 3.01%, 60, 0, 2, 44.61, 112946, 1501
3090, 0, 8, 197, 197, 9, 3.01%, 60, 0, 2, 45.04, 113173, 1501
3095, 0, 8, 197, 197, 9, 3.01%, 60, 0, 2, 43.65, 113399, 1501
3100, 0, 8, 197, 197, 9, 3.01%, 60, 0, 2, 47.82, 113635, 1501
3105, 0, 8, 197, 197, 9, 3.01%, 60, 0, 2, 47.55, 113860, 1501
3110, 0, 8, 198, 198, 9, 3.01%, 60, 0, 2, 42.94, 114062, 1501
3115, 0, 8, 198, 198, 9, 3.01%, 60, 0, 2, 42.54, 114264, 1501
3120, 0, 8, 199, 199, 9, 3.01%, 60, 0, 2, 43.54, 114481, 1501
3125, 0, 8, 199, 199, 9, 3.01%, 60, 0, 2, 40.13, 114679, 1501
3131, 0, 8, 200, 200, 9, 3.01%, 60, 0, 2, 40.41, 114889, 1501
3136, 0, 8, 200, 200, 9, 3.01%, 60, 0, 2, 42.35, 115123, 1501
3141, 0, 8, 200, 200, 9, 3.01%, 60, 0, 2, 48.07, 115370, 1501
3146, 0, 8, 200, 200, 9, 3.01%, 60, 0, 2, 42.08, 115573, 1501
3151, 0, 8, 200, 200, 9, 3.01%, 60, 0, 2, 37.89, 115760, 1501
3156, 0, 8, 200, 200, 9, 3.01%, 60, 0, 2, 32.84, 115918, 1501
3161, 0, 8, 200, 200, 9, 3.01%, 60, 0, 2, 36.01, 116100, 1501
3167, 0, 8, 201, 201, 9, 3.01%, 60, 0, 2, 44.19, 116354, 1501
3172, 0, 8, 201, 201, 9, 3.01%, 60, 0, 2, 38.82, 116550, 1501
3177, 0, 8, 201, 201, 9, 3.01%, 60, 0, 2, 39.49, 116756, 1501
3182, 0, 8, 201, 201, 9, 3.01%, 60, 0, 2, 45.74, 116984, 1501
3187, 0, 8, 201, 201, 9, 3.01%, 60, 0, 2, 38.79, 117191, 1501
3192, 0, 8, 201, 201, 9, 3.01%, 60, 0, 2, 36.91, 117368, 1501
3197, 0, 8, 201, 201, 9, 3.01%, 60, 0, 2, 40.95, 117576, 1501
3202, 0, 8, 201, 201, 9, 3.01%, 60, 0, 2, 47.29, 117772, 1501
3208, 0, 8, 201, 201, 9, 3.01%, 60, 0, 2, 45.65, 117992, 1501
3213, 0, 8, 201, 201, 9, 3.01%, 60, 0, 2, 45.07, 118227, 1501
3218, 0, 8, 201, 201, 9, 3.01%, 60, 0, 2, 42.38, 118441, 1501
3223, 0, 8, 201, 201, 9, 3.01%, 60, 0, 2, 37.67, 118623, 1501
3228, 0, 8, 201, 201, 9, 3.01%, 60, 0, 2, 33.04, 118787, 1501
3233, 0, 8, 201, 201, 9, 3.01%, 60, 0, 2, 41.59, 119000, 1501
3238, 0, 8, 201, 201, 9, 3.01%, 60, 0, 2, 43.43, 119214, 1501
3243, 0, 8, 201, 201, 9, 3.01%, 60, 0, 2, 34.40, 119403, 1501
3248, 0, 8, 201, 201, 9, 3.01%, 60, 0, 2, 41.11, 119620, 1501
3254, 0, 8, 201, 201, 9, 3.01%, 60, 0, 2, 48.24, 119857, 1501
3259, 0, 8, 201, 201, 9, 3.01%, 60, 0, 2, 45.71, 120093, 1501
3264, 0, 8, 201, 201, 9, 3.01%, 60, 0, 2, 41.53, 120288, 1501
3269, 0, 8, 201, 201, 9, 3.01%, 60, 0, 2, 35.26, 120456, 1501
3274, 0, 8, 201, 201, 9, 3.01%, 61, 0, 2, 39.60, 120647, 1501
3279, 0, 8, 201, 201, 9, 3.01%, 61, 0, 2, 45.44, 120886, 1501
3284, 0, 8, 201, 201, 9, 3.01%, 61, 0, 2, 39.79, 121081, 1501
3289, 0, 8, 201, 201, 9, 3.01%, 61, 0, 2, 43.73, 121302, 1501
3294, 0, 8, 201, 201, 9, 3.01%, 61, 0, 2, 45.34, 121535, 1501
3299, 0, 8, 201, 201, 9, 3.01%, 61, 0, 2, 45.58, 121755, 1501
3304, 0, 8, 201, 201, 9, 3.01%, 61, 0, 2, 44.45, 121963, 1501
3309, 0, 8, 201, 201, 9, 3.01%, 61, 0, 2, 46.88, 122193, 1501
3315, 0, 8, 201, 201, 9, 3.01%, 61, 0, 2, 9.08, 122404, 1501
3320, 0, 8, 201, 201, 9, 3.01%, 61, 0, 2, 30.74, 122580, 1501
3325, 0, 8, 201, 201, 9, 3.01%, 61, 0, 2, 40.08, 122796, 1501
3330, 0, 8, 201, 201, 9, 3.01%, 61, 0, 2, 44.50, 123016, 1501
3335, 0, 8, 201, 201, 9, 3.01%, 61, 0, 2, 42.06, 123229, 1501
3340, 0, 8, 201, 201, 9, 3.01%, 61, 0, 2, 41.91, 123445, 1501
3345, 0, 8, 201, 201, 9, 3.01%, 61, 0, 2, 43.64, 123657, 1501
3350, 0, 8, 201, 201, 9, 3.01%, 61, 0, 2, 43.41, 123882, 1501
3355, 0, 8, 201, 201, 9, 3.01%, 61, 0, 2, 43.62, 124109, 1501
3361, 0, 8, 201, 201, 9, 3.01%, 61, 0, 2, 40.53, 124318, 1501
3366, 0, 8, 201, 201, 9, 3.01%, 61, 0, 2, 44.29, 124555, 1501
3371, 0, 8, 202, 202, 9, 3.01%, 61, 0, 2, 42.01, 124748, 1501
3376, 0, 8, 202, 202, 9, 3.01%, 61, 0, 2, 36.25, 124922, 1501
3381, 0, 8, 202, 202, 9, 3.01%, 61, 0, 2, 41.40, 125133, 1501
3386, 0, 8, 202, 202, 9, 3.01%, 61, 0, 2, 39.29, 125333, 1501
3391, 0, 8, 202, 202, 9, 3.01%, 61, 0, 2, 39.33, 125525, 1501
3397, 0, 8, 202, 202, 9, 3.01%, 61, 0, 2, 43.79, 125753, 1501
3402, 0, 8, 202, 202, 9, 3.01%, 61, 0, 2, 40.26, 125957, 1501
3407, 0, 8, 202, 202, 9, 3.01%, 61, 0, 2, 38.91, 126153, 1501
3412, 0, 8, 202, 202, 9, 3.01%, 61, 0, 2, 42.37, 126368, 1501
3417, 0, 8, 202, 202, 9, 3.01%, 61, 0, 2, 41.26, 126568, 1501
3422, 0, 8, 202, 202, 9, 3.01%, 61, 0, 2, 32.54, 126727, 1501
3427, 0, 8, 202, 202, 9, 3.01%, 61, 0, 2, 42.34, 126952, 1501
3432, 0, 8, 202, 202, 9, 3.01%, 61, 0, 2, 43.78, 127157, 1501
3437, 0, 8, 202, 202, 9, 3.01%, 61, 0, 2, 36.48, 127329, 1501
3443, 0, 8, 202, 202, 9, 3.01%, 61, 0, 2, 41.57, 127541, 1501
3448, 0, 8, 202, 202, 9, 3.01%, 61, 0, 2, 44.08, 127756, 1501
3453, 0, 8, 202, 202, 9, 3.01%, 61, 0, 2, 41.11, 127960, 1501
3458, 0, 8, 202, 202, 9, 3.01%, 61, 0, 2, 37.02, 128143, 1501
3463, 0, 8, 202, 202, 9, 3.01%, 61, 0, 2, 33.10, 128304, 1501
3468, 0, 8, 202, 202, 9, 3.01%, 61, 0, 2, 39.32, 128515, 1501
3473, 0, 8, 202, 202, 9, 3.01%, 61, 0, 2, 42.48, 128729, 1501
3478, 0, 8, 202, 202, 9, 3.01%, 61, 0, 2, 35.87, 128906, 1501
3484, 0, 8, 202, 202, 9, 3.01%, 61, 0, 2, 43.31, 129125, 1501
3489, 0, 8, 202, 202, 9, 3.01%, 61, 0, 2, 45.02, 129362, 1501
3494, 0, 8, 202, 202, 9, 3.01%, 61, 0, 2, 43.01, 129583, 1501
3499, 0, 8, 202, 202, 9, 3.01%, 61, 0, 2, 32.85, 129739, 1501
3504, 0, 8, 202, 202, 9, 3.01%, 61, 0, 2, 40.02, 129944, 1501
3509, 0, 8, 203, 203, 9, 3.01%, 61, 0, 2, 38.73, 130128, 1501
3514, 0, 8, 203, 203, 9, 3.01%, 61, 0, 2, 40.60, 130322, 1501
3520, 0, 8, 203, 203, 9, 3.01%, 61, 0, 2, 42.29, 130526, 1501
3525, 0, 8, 203, 203, 9, 3.01%, 61, 0, 2, 34.87, 130689, 1501
3530, 0, 8, 203, 203, 9, 3.01%, 61, 0, 2, 43.46, 130912, 1501
3535, 0, 8, 203, 203, 9, 3.01%, 61, 0, 2, 42.52, 131106, 1501
3540, 0, 8, 203, 203, 9, 3.01%, 61, 0, 2, 46.93, 131331, 1501
3546, 0, 8, 203, 203, 9, 3.01%, 61, 0, 2, 41.46, 131545, 1501
3551, 0, 8, 203, 203, 9, 3.01%, 61, 0, 2, 45.23, 131772, 1501
3556, 0, 8, 203, 203, 9, 3.01%, 61, 0, 2, 41.79, 131977, 1501
3561, 0, 8, 203, 203, 9, 3.01%, 61, 0, 2, 47.22, 132222, 1501
3566, 0, 8, 203, 203, 9, 3.01%, 61, 0, 2, 37.36, 132389, 1501
3571, 0, 8, 203, 203, 9, 3.01%, 61, 0, 2, 35.89, 132582, 1501
3576, 0, 8, 203, 203, 9, 3.01%, 61, 0, 2, 42.46, 132786, 1501
3581, 0, 8, 203, 203, 9, 3.01%, 61, 0, 2, 38.79, 132973, 1501
3587, 0, 8, 203, 203, 9, 3.01%, 61, 0, 2, 37.77, 133168, 1501
3592, 0, 8, 203, 203, 9, 3.01%, 61, 0, 2, 36.33, 133346, 1501
3597, 0, 8, 203, 203, 9, 3.01%, 61, 0, 2, 37.86, 133541, 1501
3602, 0, 8, 203, 203, 9, 3.01%, 61, 0, 2, 42.19, 133752, 1501
3607, 0, 8, 203, 203, 9, 3.01%, 61, 0, 2, 44.17, 133973, 1501
3612, 0, 8, 203, 203, 9, 3.01%, 61, 0, 2, 39.55, 134184, 1501
3617, 0, 8, 203, 203, 9, 3.01%, 61, 0, 2, 43.10, 134401, 1501
3622, 0, 8, 203, 203, 9, 3.01%, 61, 0, 2, 37.51, 134578, 1501
3627, 0, 8, 203, 203, 9, 3.01%, 61, 0, 2, 36.95, 134762, 1501
3632, 0, 8, 203, 203, 9, 3.01%, 61, 0, 2, 37.38, 134938, 1501
3638, 0, 8, 203, 203, 9, 3.01%, 61, 0, 2, 37.92, 135134, 1501
3643, 0, 8, 203, 203, 9, 3.01%, 61, 0, 2, 34.41, 135310, 1501
3648, 0, 8, 203, 203, 9, 3.01%, 61, 0, 2, 37.17, 135506, 1501
3653, 0, 8, 203, 203, 9, 3.01%, 61, 0, 2, 40.41, 135712, 1501
3658, 0, 8, 203, 203, 9, 3.01%, 61, 0, 2, 42.51, 135922, 1501
3663, 0, 8, 204, 204, 9, 3.01%, 61, 0, 2, 42.54, 136148, 1501
3668, 0, 8, 204, 204, 9, 3.01%, 61, 0, 2, 35.39, 136319, 1501
3674, 0, 8, 204, 204, 9, 3.01%, 61, 0, 2, 39.68, 136535, 1501
3679, 0, 8, 204, 204, 9, 3.01%, 61, 0, 2, 43.37, 136773, 1501
3684, 0, 8, 204, 204, 9, 3.01%, 61, 0, 2, 42.67, 137000, 1501
3689, 0, 8, 204, 204, 9, 3.01%, 61, 0, 2, 44.03, 137241, 1501
3694, 0, 8, 204, 204, 9, 3.01%, 61, 0, 2, 42.49, 137460, 1501
3699, 0, 8, 204, 204, 9, 3.01%, 61, 0, 2, 43.42, 137670, 1501
3704, 0, 8, 204, 204, 9, 3.01%, 61, 0, 2, 47.65, 137922, 1501
3710, 0, 8, 204, 204, 9, 3.01%, 61, 0, 2, 42.73, 138141, 1501
3715, 0, 8, 204, 204, 9, 3.01%, 61, 0, 2, 35.47, 138327, 1501
3720, 0, 8, 204, 204, 9, 3.01%, 61, 0, 2, 40.42, 138526, 1501
3725, 0, 8, 204, 204, 9, 3.01%, 61, 0, 2, 49.08, 138740, 1501
3730, 0, 8, 204, 204, 9, 3.01%, 61, 0, 2, 40.72, 138942, 1501
3735, 0, 8, 204, 204, 9, 3.01%, 61, 0, 2, 44.04, 139180, 1501
3740, 0, 8, 204, 204, 9, 3.01%, 61, 0, 2, 36.42, 139355, 1501
3745, 0, 8, 204, 204, 9, 3.01%, 61, 0, 2, 16.76, 139519, 1501
3750, 0, 8, 204, 204, 9, 3.01%, 61, 0, 2, 32.62, 139713, 1501
3756, 0, 8, 204, 204, 9, 3.01%, 61, 0, 2, 36.94, 139907, 1501
3761, 0, 8, 204, 204, 9, 3.01%, 61, 0, 2, 45.46, 140143, 1501
3766, 0, 8, 204, 204, 9, 3.01%, 61, 0, 2, 39.96, 140333, 1501
3771, 0, 8, 204, 204, 9, 3.01%, 61, 0, 2, 40.05, 140548, 1501
3776, 0, 8, 205, 205, 9, 3.01%, 61, 0, 2, 39.54, 140738, 1504
3781, 0, 8, 205, 205, 9, 3.01%, 61, 0, 2, 51.18, 141002, 1504
3786, 0, 8, 205, 205, 9, 3.01%, 61, 0, 2, 45.46, 141238, 1504
3791, 0, 8, 205, 205, 9, 3.01%, 61, 0, 2, 44.54, 141470, 1504
3796, 0, 8, 205, 205, 9, 3.01%, 61, 0, 2, 45.31, 141709, 1504
3801, 0, 8, 205, 205, 9, 3.01%, 61, 0, 2, 34.98, 141895, 1504
3806, 0, 8, 206, 206, 9, 3.01%, 61, 0, 2, 43.80, 142117, 1504
3812, 0, 8, 206, 206, 9, 3.01%, 61, 0, 2, 46.35, 142370, 1504
3817, 0, 8, 206, 206, 9, 3.01%, 61, 0, 2, 44.39, 142592, 1504
3822, 0, 8, 206, 206, 9, 3.01%, 61, 0, 2, 36.77, 142769, 1504
3827, 0, 8, 206, 206, 9, 3.01%, 61, 0, 2, 37.47, 142960, 1504
3832, 0, 8, 206, 206, 9, 3.01%, 61, 0, 2, 39.43, 143170, 1504
3837, 0, 8, 206, 206, 9, 3.01%, 61, 0, 2, 48.00, 143415, 1504
3842, 0, 8, 206, 206, 9, 3.01%, 61, 0, 2, 40.14, 143608, 1504
3847, 0, 8, 206, 206, 9, 3.01%, 61, 0, 2, 42.63, 143834, 1504
3852, 0, 8, 206, 206, 9, 3.01%, 61, 0, 2, 35.11, 143993, 1504
3858, 0, 8, 206, 206, 9, 3.01%, 61, 0, 2, 43.94, 144231, 1504
3863, 0, 8, 206, 206, 9, 3.01%, 61, 0, 2, 43.06, 144440, 1504
3868, 0, 8, 206, 206, 9, 3.01%, 61, 0, 2, 40.10, 144633, 1504
3873, 0, 8, 206, 206, 9, 3.01%, 61, 0, 2, 42.76, 144863, 1504
3878, 0, 8, 206, 206, 9, 3.01%, 61, 0, 2, 41.10, 145071, 1504
3883, 0, 8, 206, 206, 9, 3.01%, 61, 0, 2, 42.05, 145293, 1504
3888, 0, 8, 206, 206, 9, 3.01%, 61, 0, 2, 41.68, 145502, 1504
3893, 0, 8, 206, 206, 9, 3.01%, 61, 0, 2, 38.24, 145689, 1504
3898, 0, 8, 206, 206, 9, 3.01%, 61, 0, 2, 31.08, 145851, 1504
3903, 0, 8, 206, 206, 9, 3.01%, 61, 0, 2, 42.19, 146075, 1504
3908, 0, 8, 206, 206, 9, 3.01%, 61, 0, 2, 44.75, 146312, 1504
3913, 0, 8, 206, 206, 9, 3.01%, 62, 0, 2, 40.85, 146525, 1504
3919, 0, 8, 206, 206, 9, 3.01%, 62, 0, 2, 42.78, 146732, 1504
3924, 0, 8, 206, 206, 9, 3.01%, 62, 0, 2, 44.79, 146977, 1504
3929, 0, 8, 206, 206, 9, 3.01%, 62, 0, 2, 42.32, 147203, 1504
3934, 0, 8, 206, 206, 9, 3.01%, 62, 0, 2, 42.86, 147415, 1504
3939, 0, 8, 206, 206, 9, 3.01%, 62, 0, 2, 42.65, 147628, 1504
3944, 0, 8, 206, 206, 9, 3.01%, 62, 0, 2, 36.68, 147817, 1504
3949, 0, 8, 206, 206, 9, 3.01%, 62, 0, 2, 42.33, 148038, 1504
3954, 0, 8, 206, 206, 9, 3.01%, 62, 0, 2, 48.20, 148292, 1504
3959, 0, 8, 206, 206, 9, 3.01%, 62, 0, 2, 43.31, 148502, 1504
3965, 0, 8, 206, 206, 9, 3.01%, 62, 0, 2, 48.68, 148741, 1504
3970, 0, 8, 206, 206, 9, 3.01%, 62, 0, 2, 42.45, 148950, 1504
3975, 0, 8, 206, 206, 9, 3.01%, 62, 0, 2, 36.61, 149146, 1504
3980, 0, 8, 206, 206, 9, 3.01%, 62, 0, 2, 39.87, 149341, 1504
3985, 0, 8, 206, 206, 9, 3.01%, 62, 0, 2, 34.03, 149518, 1504
3990, 0, 8, 206, 206, 9, 3.01%, 62, 0, 2, 36.37, 149694, 1504
3995, 0, 8, 206, 206, 9, 3.01%, 62, 0, 2, 34.01, 149863, 1504
4000, 0, 8, 206, 206, 9, 3.01%, 62, 0, 2, 37.00, 150056, 1504
4005, 0, 8, 206, 206, 9, 3.01%, 62, 0, 2, 38.73, 150251, 1504
4010, 0, 8, 206, 206, 9, 3.01%, 62, 0, 2, 36.57, 150434, 1504
4016, 0, 8, 206, 206, 9, 3.01%, 62, 0, 2, 33.64, 150594, 1504
4021, 0, 8, 206, 206, 9, 3.01%, 62, 0, 2, 35.72, 150777, 1504
4026, 0, 8, 206, 206, 9, 3.01%, 62, 0, 2, 38.57, 150987, 1504
4031, 0, 8, 206, 206, 9, 3.01%, 62, 0, 2, 38.89, 151180, 1504
4036, 0, 8, 206, 206, 9, 3.01%, 62, 0, 2, 40.87, 151380, 1504
4041, 0, 8, 206, 206, 9, 3.01%, 62, 0, 2, 46.78, 151611, 1504
4047, 0, 8, 206, 206, 9, 3.01%, 62, 0, 2, 46.08, 151842, 1504
4052, 0, 8, 206, 206, 9, 3.01%, 62, 0, 2, 45.03, 152076, 1504
4057, 0, 8, 206, 206, 9, 3.01%, 62, 0, 2, 40.19, 152277, 1504
4062, 0, 8, 206, 206, 9, 3.01%, 62, 0, 2, 42.34, 152494, 1504
4067, 0, 8, 206, 206, 9, 3.01%, 62, 0, 2, 42.35, 152709, 1504
4072, 0, 8, 206, 206, 9, 3.01%, 62, 0, 2, 49.31, 152958, 1504
4077, 0, 8, 206, 206, 9, 3.01%, 62, 0, 2, 49.18, 153219, 1504
4082, 0, 8, 206, 206, 9, 3.01%, 62, 0, 2, 42.81, 153438, 1504
4087, 0, 8, 206, 206, 9, 3.01%, 62, 0, 2, 47.54, 153675, 1504
4093, 0, 8, 206, 206, 9, 3.01%, 63, 0, 2, 45.71, 153907, 1504
4098, 0, 8, 206, 206, 9, 3.01%, 63, 0, 2, 42.91, 154128, 1504
4103, 0, 8, 206, 206, 9, 3.01%, 63, 0, 2, 42.32, 154334, 1504
4108, 0, 8, 206, 206, 9, 3.01%, 63, 0, 2, 42.41, 154546, 1504
4113, 0, 8, 206, 206, 9, 3.01%, 63, 0, 2, 42.06, 154745, 1504
4118, 0, 8, 206, 206, 9, 3.01%, 63, 0, 2, 42.10, 154978, 1504
4123, 0, 8, 206, 206, 9, 3.01%, 63, 0, 2, 38.54, 155171, 1504
4128, 0, 8, 206, 206, 9, 3.01%, 63, 0, 2, 43.32, 155387, 1504
4133, 0, 8, 206, 206, 9, 3.01%, 63, 0, 2, 45.42, 155616, 1504
4139, 0, 8, 206, 206, 9, 3.01%, 63, 0, 2, 40.77, 155827, 1504
4144, 0, 8, 206, 206, 9, 3.01%, 63, 0, 2, 42.64, 156038, 1504
4149, 0, 8, 206, 206, 9, 3.01%, 63, 0, 2, 38.16, 156235, 1504
4154, 0, 8, 206, 206, 9, 3.01%, 63, 0, 2, 38.22, 156430, 1504
4159, 0, 8, 206, 206, 9, 3.01%, 63, 0, 2, 36.28, 156614, 1504
4164, 0, 8, 206, 206, 9, 3.01%, 63, 0, 2, 35.04, 156780, 1504
4169, 0, 8, 206, 206, 9, 3.01%, 63, 0, 2, 40.07, 156996, 1504
4174, 0, 8, 206, 206, 9, 3.01%, 63, 0, 2, 40.69, 157200, 1504
4179, 0, 8, 206, 206, 9, 3.01%, 63, 0, 2, 46.04, 157426, 1504
4185, 0, 8, 206, 206, 9, 3.01%, 63, 0, 2, 50.51, 157672, 1504
4190, 0, 8, 206, 206, 9, 3.01%, 63, 0, 2, 30.57, 157873, 1504
4195, 0, 8, 206, 206, 9, 3.01%, 63, 0, 2, 45.42, 158125, 1504
4200, 0, 8, 206, 206, 9, 3.01%, 63, 0, 2, 42.21, 158346, 1504
4205, 0, 8, 206, 206, 9, 3.01%, 63, 0, 2, 38.86, 158546, 1504
4210, 0, 8, 206, 206, 9, 3.01%, 63, 0, 2, 42.23, 158761, 1504
4215, 0, 8, 206, 206, 9, 3.01%, 63, 0, 2, 40.62, 158976, 1504
4220, 0, 8, 206, 206, 9, 3.01%, 63, 0, 2, 40.43, 159182, 1504
4225, 0, 8, 206, 206, 9, 3.01%, 63, 0, 2, 46.15, 159420, 1504
4231, 0, 8, 206, 206, 9, 3.01%, 63, 0, 2, 38.97, 159625, 1504
4236, 0, 8, 206, 206, 9, 3.01%, 63, 0, 2, 40.35, 159833, 1504
4241, 0, 8, 206, 206, 9, 3.01%, 63, 0, 2, 39.80, 160028, 1504
4246, 0, 8, 206, 206, 9, 3.01%, 63, 0, 2, 36.26, 160224, 1504
4251, 0, 8, 206, 206, 9, 3.01%, 63, 0, 2, 39.72, 160432, 1504
4256, 0, 8, 206, 206, 9, 3.01%, 63, 0, 2, 42.14, 160639, 1504
4261, 0, 8, 206, 206, 9, 3.01%, 63, 0, 2, 44.34, 160854, 1504
4266, 0, 8, 206, 206, 9, 3.01%, 63, 0, 2, 46.03, 161101, 1504
4271, 0, 8, 206, 206, 9, 3.01%, 63, 0, 2, 43.08, 161306, 1504
4276, 0, 8, 206, 206, 9, 3.01%, 63, 0, 2, 36.16, 161471, 1504
4282, 0, 8, 206, 206, 9, 3.01%, 63, 0, 2, 38.84, 161665, 1504
4287, 0, 8, 206, 206, 9, 3.01%, 63, 0, 2, 40.83, 161881, 1504
4292, 0, 8, 206, 206, 9, 3.01%, 63, 0, 2, 37.56, 162088, 1504
4297, 0, 8, 206, 206, 9, 3.01%, 63, 0, 2, 39.80, 162291, 1504
4302, 0, 8, 206, 206, 9, 3.01%, 63, 0, 2, 48.37, 162527, 1504
4307, 0, 8, 206, 206, 9, 3.01%, 63, 0, 2, 46.20, 162763, 1504
4312, 0, 8, 206, 206, 9, 3.01%, 63, 0, 2, 43.90, 162985, 1504
4317, 0, 8, 206, 206, 9, 3.01%, 63, 0, 2, 40.77, 163196, 1504
4323, 0, 8, 206, 206, 9, 3.01%, 63, 0, 2, 34.65, 163386, 1504
4328, 0, 8, 206, 206, 9, 3.01%, 63, 0, 2, 46.00, 163636, 1504
4333, 0, 8, 206, 206, 9, 3.01%, 63, 0, 2, 45.40, 163860, 1504
4338, 0, 8, 206, 206, 9, 3.01%, 63, 0, 2, 44.75, 164081, 1504
4343, 0, 8, 206, 206, 9, 3.01%, 63, 0, 2, 46.20, 164325, 1504
4348, 0, 8, 206, 206, 9, 3.01%, 63, 0, 2, 47.36, 164565, 1504
4353, 0, 8, 206, 206, 9, 3.01%, 63, 0, 2, 47.20, 164800, 1504
4358, 0, 8, 206, 206, 9, 3.01%, 63, 0, 2, 40.86, 165009, 1504
4363, 0, 8, 206, 206, 9, 3.01%, 63, 0, 2, 45.06, 165240, 1504
4368, 0, 8, 206, 206, 9, 3.01%, 63, 0, 2, 45.90, 165477, 1504
4374, 0, 8, 206, 206, 9, 3.01%, 63, 0, 2, 42.85, 165691, 1504
4379, 0, 8, 206, 206, 9, 3.01%, 63, 0, 2, 39.88, 165906, 1504
4384, 0, 8, 206, 206, 9, 3.01%, 63, 0, 2, 43.06, 166119, 1504
4389, 0, 8, 206, 206, 9, 3.01%, 63, 0, 2, 42.28, 166334, 1504
4394, 0, 8, 206, 206, 9, 3.01%, 63, 0, 2, 42.61, 166563, 1504
4399, 0, 8, 206, 206, 9, 3.01%, 63, 0, 2, 41.66, 166779, 1504
4404, 0, 8, 206, 206, 9, 3.01%, 63, 0, 2, 46.62, 167016, 1504
4410, 0, 8, 206, 206, 9, 3.01%, 63, 0, 2, 43.41, 167235, 1504
4415, 0, 8, 206, 206, 9, 3.01%, 63, 0, 2, 42.45, 167436, 1504
4420, 0, 8, 206, 206, 9, 3.01%, 63, 0, 2, 41.91, 167659, 1504
4425, 0, 8, 206, 206, 9, 3.01%, 63, 0, 2, 46.50, 167890, 1504
4430, 0, 8, 206, 206, 9, 3.01%, 63, 0, 2, 42.92, 168104, 1504
4435, 0, 8, 206, 206, 9, 3.01%, 63, 0, 2, 37.63, 168285, 1504
4440, 0, 8, 206, 206, 9, 3.01%, 63, 0, 2, 41.06, 168496, 1504
4445, 0, 8, 206, 206, 9, 3.01%, 63, 0, 2, 47.01, 168737, 1504
4450, 0, 8, 207, 207, 9, 3.02%, 63, 0, 2, 41.00, 168928, 1505
4456, 0, 8, 207, 207, 9, 3.02%, 63, 0, 2, 46.30, 169180, 1505
4461, 0, 8, 207, 207, 9, 3.02%, 63, 0, 2, 29.75, 169393, 1505
4466, 0, 8, 207, 207, 9, 3.02%, 63, 0, 2, 39.75, 169599, 1505
4471, 0, 8, 207, 207, 9, 3.02%, 63, 0, 2, 37.73, 169782, 1505
4476, 0, 8, 207, 207, 9, 3.02%, 63, 0, 2, 41.33, 169986, 1505
4481, 0, 8, 207, 207, 9, 3.02%, 63, 0, 2, 39.36, 170184, 1505
4486, 0, 8, 207, 207, 9, 3.02%, 63, 0, 2, 43.74, 170405, 1505
4491, 0, 8, 207, 207, 9, 3.02%, 63, 0, 2, 44.94, 170613, 1505
4496, 0, 8, 207, 207, 9, 3.02%, 63, 0, 2, 42.10, 170821, 1505
4501, 0, 8, 207, 207, 9, 3.02%, 63, 0, 2, 24.82, 171014, 1505
4506, 0, 8, 207, 207, 9, 3.02%, 63, 0, 2, 39.89, 171234, 1505
4512, 0, 8, 207, 207, 9, 3.02%, 63, 0, 2, 43.34, 171454, 1505
4517, 0, 8, 207, 207, 9, 3.02%, 63, 0, 2, 43.17, 171677, 1505
4522, 0, 8, 207, 207, 9, 3.02%, 63, 0, 2, 35.42, 171843, 1505
4527, 0, 8, 207, 207, 9, 3.02%, 63, 0, 2, 41.10, 172064, 1505
4532, 0, 8, 207, 207, 9, 3.02%, 63, 0, 2, 45.15, 172301, 1505
4537, 0, 8, 207, 207, 9, 3.02%, 63, 0, 2, 39.39, 172507, 1505
4542, 0, 8, 207, 207, 9, 3.02%, 63, 0, 2, 37.30, 172698, 1505
4547, 0, 8, 207, 207, 9, 3.02%, 63, 0, 2, 38.14, 172902, 1505
4552, 0, 8, 207, 207, 9, 3.02%, 64, 0, 2, 39.57, 173100, 1505
4557, 0, 8, 207, 207, 9, 3.02%, 64, 0, 2, 38.01, 173288, 1505
4563, 0, 8, 207, 207, 9, 3.02%, 64, 0, 2, 34.10, 173458, 1505
4568, 0, 8, 207, 207, 9, 3.02%, 64, 0, 2, 38.35, 173659, 1505
4573, 0, 8, 207, 207, 9, 3.02%, 64, 0, 2, 47.16, 173902, 1505
4578, 0, 8, 207, 207, 9, 3.02%, 64, 0, 2, 46.02, 174124, 1505
4583, 0, 8, 207, 207, 9, 3.02%, 64, 0, 2, 41.50, 174337, 1505
4588, 0, 8, 207, 207, 9, 3.02%, 64, 0, 2, 43.50, 174554, 1505
4593, 0, 8, 207, 207, 9, 3.02%, 64, 0, 2, 45.05, 174766, 1505
4598, 0, 8, 207, 207, 9, 3.02%, 64, 0, 2, 48.48, 175030, 1505
4604, 0, 8, 207, 207, 9, 3.02%, 64, 0, 2, 46.73, 175244, 1505
4609, 0, 8, 207, 207, 9, 3.02%, 64, 0, 2, 35.75, 175425, 1505
4614, 0, 8, 207, 207, 9, 3.02%, 64, 0, 2, 34.89, 175606, 1505
4619, 0, 8, 207, 207, 9, 3.02%, 64, 0, 2, 46.20, 175848, 1505
4624, 0, 8, 207, 207, 9, 3.02%, 64, 0, 2, 40.00, 176039, 1505
4629, 0, 8, 207, 207, 9, 3.02%, 64, 0, 2, 43.42, 176269, 1505
4634, 0, 8, 207, 207, 9, 3.02%, 64, 0, 2, 42.30, 176479, 1505
4639, 0, 8, 208, 208, 9, 3.03%, 64, 0, 2, 50.39, 176739, 1511
4645, 0, 8, 208, 208, 9, 3.03%, 64, 0, 2, 39.15, 176929, 1511
4650, 0, 8, 208, 208, 9, 3.03%, 64, 0, 2, 44.08, 177164, 1511
4655, 0, 8, 208, 208, 9, 3.03%, 64, 0, 2, 41.91, 177381, 1511
4660, 0, 8, 208, 208, 9, 3.03%, 64, 0, 2, 46.61, 177622, 1511
4665, 0, 8, 208, 208, 9, 3.03%, 64, 0, 2, 36.98, 177827, 1511
4670, 0, 8, 208, 208, 9, 3.03%, 64, 0, 2, 44.32, 178055, 1511
4675, 0, 8, 208, 208, 9, 3.03%, 64, 0, 2, 44.72, 178264, 1511
4680, 0, 8, 208, 208, 9, 3.03%, 64, 0, 2, 41.16, 178465, 1511
4685, 0, 8, 208, 208, 9, 3.03%, 64, 0, 2, 41.96, 178660, 1511
4690, 0, 8, 208, 208, 9, 3.03%, 64, 0, 2, 37.36, 178861, 1511
4696, 0, 8, 208, 208, 9, 3.03%, 64, 0, 2, 39.98, 179068, 1511
4701, 0, 8, 208, 208, 9, 3.03%, 64, 0, 2, 39.06, 179256, 1511
4706, 0, 8, 208, 208, 9, 3.03%, 64, 0, 2, 42.45, 179475, 1511
4711, 0, 8, 208, 208, 9, 3.03%, 64, 0, 2, 48.22, 179712, 1511
4716, 0, 8, 213, 213, 9, 3.03%, 65, 0, 2, 46.31, 179941, 1511
4721, 0, 8, 219, 219, 9, 3.04%, 65, 0, 2, 36.24, 180070, 1517
4727, 0, 8, 222, 222, 9, 3.04%, 66, 0, 2, 33.99, 180231, 1518
4732, 0, 8, 225, 225, 9, 3.05%, 67, 0, 2, 32.17, 180398, 1520
4737, 0, 8, 227, 227, 9, 3.05%, 67, 0, 2, 32.67, 180554, 1520
4742, 0, 8, 230, 230, 9, 3.05%, 67, 0, 2, 33.83, 180721, 1520
4748, 0, 8, 232, 232, 9, 3.05%, 67, 0, 2, 33.31, 180881, 1520
4753, 0, 8, 232, 232, 9, 3.05%, 67, 0, 2, 29.25, 181019, 1520
4758, 0, 8, 232, 232, 9, 3.05%, 68, 0, 2, 30.68, 181180, 1520
4763, 0, 8, 235, 235, 9, 3.05%, 68, 0, 2, 33.87, 181345, 1520
4768, 0, 8, 235, 235, 9, 3.05%, 70, 0, 2, 35.32, 181532, 1520
4773, 0, 8, 235, 235, 9, 3.05%, 70, 0, 2, 33.71, 181712, 1520
4778, 0, 8, 236, 236, 9, 3.05%, 72, 0, 2, 30.81, 181851, 1520
4783, 0, 8, 236, 236, 9, 3.05%, 72, 0, 2, 27.25, 181983, 1520
4788, 0, 8, 236, 236, 9, 3.05%, 72, 0, 2, 32.27, 182146, 1520
4794, 0, 8, 237, 237, 9, 3.05%, 72, 0, 2, 32.18, 182316, 1520
4799, 0, 8, 237, 237, 9, 3.05%, 72, 0, 2, 34.82, 182498, 1520
4804, 0, 8, 238, 238, 9, 3.05%, 72, 0, 2, 33.23, 182654, 1524
4809, 0, 8, 238, 238, 9, 3.05%, 72, 0, 2, 34.78, 182826, 1524
4814, 0, 8, 238, 238, 9, 3.05%, 72, 0, 2, 37.30, 183011, 1524
4819, 0, 8, 239, 239, 9, 3.05%, 72, 0, 2, 36.03, 183186, 1524
4824, 0, 8, 239, 239, 9, 3.05%, 72, 0, 2, 37.74, 183374, 1524
4829, 0, 8, 239, 239, 9, 3.05%, 72, 0, 2, 36.51, 183552, 1524
4834, 0, 8, 239, 239, 9, 3.05%, 72, 0, 2, 36.27, 183726, 1524
4839, 0, 8, 240, 240, 9, 3.05%, 72, 0, 2, 34.07, 183893, 1524
4844, 0, 8, 240, 240, 9, 3.05%, 72, 0, 2, 34.99, 184066, 1524
4850, 0, 8, 240, 240, 9, 3.05%, 72, 0, 2, 30.81, 184218, 1524
4855, 0, 8, 240, 240, 9, 3.05%, 72, 0, 2, 29.54, 184366, 1524
4860, 0, 8, 241, 241, 9, 3.05%, 72, 0, 2, 33.96, 184528, 1524
4867, 0, 8, 242, 241, 8, 3.06%, 72, 0, 2, 46.32, 184855, 1525
4873, 0, 8, 247, 246, 8, 3.06%, 72, 0, 2, 43.89, 185049, 1525
4879, 0, 8, 255, 254, 8, 3.06%, 72, 0, 2, 39.19, 185212, 1525
4884, 0, 133, 256, 255, 47, 3.06%, 72, 0, 2, 48.80, 185484, 1525
4889, 0, 60, 258, 256, 46, 3.06%, 72, 0, 3, 55.98, 185776, 1526
4894, 0, 251, 258, 255, 44, 3.06%, 72, 0, 3, 37.72, 185970, 1526
4899, 0, 251, 258, 255, 44, 3.06%, 72, 0, 3, 33.36, 186124, 1526
4904, 0, 251, 259, 256, 44, 3.06%, 74, 0, 3, 33.97, 186295, 1526
4910, 0, 251, 259, 256, 44, 3.06%, 74, 0, 3, 30.92, 186457, 1526
4915, 0, 251, 259, 256, 44, 3.06%, 74, 0, 3, 27.94, 186596, 1526
4920, 0, 251, 259, 256, 44, 3.06%, 74, 0, 3, 29.96, 186756, 1526
4925, 0, 251, 259, 256, 44, 3.06%, 74, 0, 3, 26.87, 186883, 1526
4930, 0, 251, 259, 256, 44, 3.06%, 74, 0, 3, 28.74, 187030, 1526
4935, 0, 251, 259, 256, 44, 3.06%, 74, 0, 3, 29.15, 187173, 1526
4940, 0, 251, 259, 256, 44, 3.06%, 74, 0, 3, 24.67, 187302, 1526
4945, 0, 251, 259, 256, 44, 3.06%, 74, 0, 3, 26.35, 187441, 1526
4951, 0, 251, 259, 256, 44, 3.06%, 74, 0, 3, 27.17, 187586, 1526
4956, 0, 251, 259, 256, 44, 3.06%, 74, 0, 3, 27.28, 187730, 1526
4961, 0, 251, 259, 256, 44, 3.06%, 74, 0, 3, 28.40, 187876, 1526
4966, 0, 251, 259, 256, 44, 3.06%, 74, 0, 3, 27.27, 188015, 1526
4971, 0, 251, 259, 256, 44, 3.06%, 74, 0, 3, 27.86, 188166, 1526
4976, 0, 251, 259, 256, 44, 3.06%, 74, 0, 3, 27.12, 188301, 1526
4982, 0, 251, 259, 256, 44, 3.06%, 74, 0, 3, 30.73, 188459, 1526
4987, 0, 251, 259, 256, 44, 3.06%, 74, 0, 3, 30.29, 188608, 1526
4992, 0, 251, 259, 256, 44, 3.06%, 74, 0, 3, 32.40, 188772, 1526
4997, 0, 251, 259, 256, 44, 3.06%, 74, 0, 3, 26.76, 188902, 1526
5002, 0, 251, 259, 256, 44, 3.06%, 74, 0, 3, 27.27, 189042, 1526
5007, 0, 251, 259, 256, 44, 3.06%, 74, 0, 3, 29.14, 189179, 1526
5012, 0, 251, 259, 256, 44, 3.06%, 74, 0, 3, 27.66, 189311, 1526
5017, 0, 251, 259, 256, 44, 3.06%, 74, 0, 3, 29.17, 189458, 1526
5023, 0, 251, 259, 256, 44, 3.06%, 74, 0, 3, 25.62, 189583, 1526
5028, 0, 251, 259, 256, 44, 3.06%, 74, 0, 3, 28.75, 189722, 1526
5033, 0, 251, 259, 256, 44, 3.06%, 74, 0, 3, 31.90, 189882, 1526
5038, 0, 251, 259, 256, 44, 3.06%, 74, 0, 3, 32.70, 190045, 1526
5043, 0, 251, 259, 256, 44, 3.06%, 74, 0, 3, 29.04, 190196, 1526
5048, 0, 251, 259, 256, 44, 3.06%, 74, 0, 3, 26.99, 190342, 1526
5053, 0, 251, 259, 256, 44, 3.06%, 74, 0, 3, 28.19, 190476, 1526
5058, 0, 251, 259, 256, 44, 3.06%, 74, 0, 3, 29.09, 190631, 1526
5064, 0, 251, 259, 256, 44, 3.06%, 74, 0, 3, 27.57, 190774, 1526
5069, 0, 251, 259, 256, 44, 3.06%, 74, 0, 3, 30.94, 190932, 1526
5074, 0, 251, 259, 256, 44, 3.06%, 74, 0, 3, 30.96, 191086, 1526
5079, 0, 251, 259, 256, 44, 3.06%, 74, 0, 3, 30.54, 191250, 1526
5084, 0, 251, 259, 256, 44, 3.06%, 74, 0, 3, 27.08, 191385, 1526
5089, 0, 251, 259, 256, 44, 3.06%, 74, 0, 3, 29.90, 191542, 1526
5094, 0, 251, 259, 256, 44, 3.06%, 74, 0, 3, 26.03, 191660, 1526
5099, 0, 251, 259, 256, 44, 3.06%, 74, 0, 3, 27.05, 191797, 1526
5105, 0, 251, 259, 256, 44, 3.06%, 74, 0, 3, 23.07, 191913, 1526
5110, 0, 251, 259, 256, 44, 3.06%, 74, 0, 3, 31.19, 192080, 1526
5115, 0, 251, 259, 256, 44, 3.06%, 74, 0, 3, 27.44, 192214, 1526
5120, 0, 251, 259, 256, 44, 3.06%, 74, 0, 3, 30.54, 192372, 1526
5125, 0, 251, 259, 256, 44, 3.06%, 74, 0, 3, 28.49, 192507, 1526
5130, 0, 251, 259, 256, 44, 3.06%, 74, 0, 3, 28.11, 192639, 1526
5135, 0, 251, 259, 256, 44, 3.06%, 74, 0, 3, 29.84, 192788, 1526
5141, 0, 251, 259, 256, 44, 3.06%, 74, 0, 3, 28.15, 192926, 1526
5146, 0, 251, 259, 256, 44, 3.06%, 74, 0, 3, 30.17, 193082, 1526
5151, 0, 251, 259, 256, 44, 3.06%, 74, 0, 3, 25.94, 193216, 1526
5156, 0, 251, 259, 256, 44, 3.06%, 74, 0, 3, 25.56, 193351, 1526
5161, 0, 251, 259, 256, 44, 3.06%, 74, 0, 3, 33.31, 193530, 1526
5166, 0, 251, 259, 256, 44, 3.06%, 74, 0, 3, 28.21, 193665, 1526
5171, 0, 251, 259, 256, 44, 3.06%, 74, 0, 3, 28.02, 193798, 1526
5176, 0, 251, 259, 256, 44, 3.06%, 74, 0, 3, 27.47, 193930, 1526
5182, 0, 251, 259, 256, 44, 3.06%, 74, 0, 3, 27.40, 194068, 1526
5187, 0, 251, 259, 256, 44, 3.06%, 74, 0, 3, 25.57, 194205, 1526
5192, 0, 251, 259, 256, 44, 3.06%, 74, 0, 3, 27.37, 194345, 1526
5197, 0, 251, 259, 256, 44, 3.06%, 74, 0, 3, 28.56, 194492, 1526
5202, 0, 251, 259, 256, 44, 3.06%, 74, 0, 3, 28.96, 194640, 1526
5207, 0, 251, 259, 256, 44, 3.06%, 74, 0, 3, 28.60, 194785, 1526
5212, 0, 251, 259, 256, 44, 3.06%, 74, 0, 3, 29.38, 194942, 1526
5217, 0, 251, 259, 256, 44, 3.06%, 74, 0, 3, 33.59, 195108, 1526
5223, 0, 251, 259, 256, 44, 3.06%, 74, 0, 3, 29.86, 195247, 1526
5228, 0, 251, 259, 256, 44, 3.06%, 74, 0, 3, 30.79, 195405, 1526
5233, 0, 251, 259, 256, 44, 3.06%, 74, 0, 3, 28.39, 195542, 1526
5238, 0, 251, 259, 256, 44, 3.06%, 74, 0, 3, 29.99, 195707, 1526
5243, 0, 251, 259, 256, 44, 3.06%, 74, 0, 3, 25.60, 195820, 1526
5248, 0, 251, 259, 256, 44, 3.06%, 74, 0, 3, 30.03, 195980, 1526
5253, 0, 251, 259, 256, 44, 3.06%, 74, 0, 3, 28.75, 196123, 1526
5259, 0, 251, 259, 256, 44, 3.06%, 74, 0, 3, 29.35, 196273, 1526
5264, 0, 251, 259, 256, 44, 3.06%, 74, 0, 3, 31.82, 196442, 1526
5269, 0, 251, 259, 256, 44, 3.06%, 74, 0, 3, 26.74, 196577, 1526
5274, 0, 251, 259, 256, 44, 3.06%, 74, 0, 3, 27.11, 196717, 1526
5279, 0, 251, 259, 256, 44, 3.06%, 74, 0, 3, 30.20, 196857, 1526
5284, 0, 251, 259, 256, 44, 3.06%, 74, 0, 3, 30.50, 197008, 1526
5289, 0, 251, 259, 256, 44, 3.06%, 74, 0, 3, 28.80, 197150, 1526
5294, 0, 251, 259, 256, 44, 3.06%, 74, 0, 3, 31.03, 197295, 1526
5299, 0, 251, 259, 256, 44, 3.06%, 74, 0, 3, 32.03, 197454, 1526
5304, 0, 251, 259, 256, 44, 3.06%, 74, 0, 3, 26.43, 197574, 1526
5309, 0, 251, 259, 256, 44, 3.06%, 74, 0, 3, 23.84, 197692, 1526
5314, 0, 251, 259, 256, 44, 3.06%, 74, 0, 3, 24.21, 197819, 1526
5320, 0, 251, 259, 256, 44, 3.06%, 74, 0, 3, 24.10, 197928, 1526
5325, 0, 251, 259, 256, 44, 3.06%, 74, 0, 3, 26.84, 198068, 1526
5330, 0, 251, 259, 256, 44, 3.06%, 74, 0, 3, 25.79, 198195, 1526
5335, 0, 251, 259, 256, 44, 3.06%, 74, 0, 3, 27.11, 198333, 1526
5340, 0, 251, 259, 256, 44, 3.06%, 74, 0, 3, 22.83, 198436, 1526
5345, 0, 251, 259, 256, 44, 3.06%, 74, 0, 3, 21.34, 198541, 1526
5350, 0, 251, 259, 256, 44, 3.06%, 74, 0, 3, 24.23, 198666, 1526
5355, 0, 251, 259, 256, 44, 3.06%, 74, 0, 3, 56.31, 198991, 1526
5360, 0, 251, 260, 257, 44, 3.06%, 74, 0, 3, 33.08, 199119, 1527
5366, 0, 251, 260, 257, 44, 3.06%, 74, 0, 3, 23.85, 199233, 1527
5371, 0, 251, 260, 257, 44, 3.06%, 74, 0, 3, 25.33, 199369, 1527
5376, 0, 251, 260, 257, 44, 3.06%, 74, 0, 3, 24.14, 199493, 1527
5381, 0, 251, 260, 257, 44, 3.06%, 74, 0, 3, 25.50, 199623, 1527
5386, 0, 251, 260, 257, 44, 3.06%, 74, 0, 3, 23.29, 199744, 1527
5391, 0, 251, 260, 257, 44, 3.06%, 74, 0, 3, 21.90, 199851, 1527
5396, 0, 251, 260, 257, 44, 3.06%, 74, 0, 3, 22.57, 199966, 1527
5401, 0, 251, 260, 257, 44, 3.06%, 74, 0, 3, 29.03, 200148, 1527
5407, 0, 251, 260, 257, 44, 3.06%, 74, 0, 3, 24.78, 200272, 1527
5412, 0, 251, 260, 257, 44, 3.06%, 74, 0, 3, 24.45, 200389, 1527
5417, 0, 251, 260, 257, 44, 3.06%, 74, 0, 3, 22.61, 200503, 1527
5422, 0, 251, 260, 257, 44, 3.06%, 74, 0, 3, 21.36, 200606, 1527
5427, 0, 251, 260, 257, 44, 3.06%, 74, 0, 3, 22.30, 200726, 1527
5432, 0, 251, 260, 257, 44, 3.06%, 74, 0, 3, 20.13, 200821, 1527
5437, 0, 251, 260, 257, 44, 3.06%, 74, 0, 3, 23.84, 200945, 1527
5443, 0, 251, 260, 257, 44, 3.06%, 74, 0, 3, 25.64, 201081, 1527
5448, 0, 251, 260, 257, 44, 3.06%, 74, 0, 3, 23.98, 201200, 1527
5453, 0, 251, 260, 257, 44, 3.06%, 74, 0, 3, 26.21, 201340, 1527
5458, 0, 251, 260, 257, 44, 3.06%, 74, 0, 3, 25.49, 201464, 1527
5463, 0, 251, 260, 257, 44, 3.06%, 74, 0, 3, 28.46, 201602, 1527
5468, 0, 251, 260, 257, 44, 3.06%, 74, 0, 3, 27.90, 201733, 1527
5473, 0, 251, 260, 257, 44, 3.06%, 74, 0, 3, 28.25, 201867, 1527
5478, 0, 251, 260, 257, 44, 3.06%, 74, 0, 3, 27.56, 201996, 1527
5483, 0, 251, 260, 257, 44, 3.06%, 74, 0, 3, 22.85, 202109, 1527
5488, 0, 251, 260, 257, 44, 3.06%, 74, 0, 3, 22.80, 202221, 1527
5494, 0, 251, 260, 257, 44, 3.06%, 74, 0, 3, 23.06, 202346, 1527
5499, 0, 251, 260, 257, 44, 3.06%, 74, 0, 3, 26.09, 202481, 1527
5504, 0, 251, 260, 257, 44, 3.06%, 74, 0, 3, 23.42, 202603, 1527
5509, 0, 251, 260, 257, 44, 3.06%, 74, 0, 3, 23.16, 202727, 1527
5514, 0, 251, 260, 257, 44, 3.06%, 74, 0, 3, 24.96, 202854, 1527
5519, 0, 251, 260, 257, 44, 3.06%, 74, 0, 3, 20.52, 202958, 1527
5524, 0, 251, 260, 257, 44, 3.06%, 74, 0, 3, 24.35, 203087, 1527
5529, 0, 251, 260, 257, 44, 3.06%, 74, 0, 3, 22.69, 203203, 1527
5535, 0, 251, 260, 257, 44, 3.06%, 74, 0, 3, 24.27, 203336, 1527
5540, 0, 251, 260, 257, 44, 3.06%, 74, 0, 3, 24.05, 203456, 1527
5545, 0, 251, 260, 257, 44, 3.06%, 74, 0, 3, 25.31, 203582, 1527
5550, 0, 251, 260, 257, 44, 3.06%, 74, 0, 3, 22.01, 203687, 1527
5555, 0, 251, 260, 257, 44, 3.06%, 74, 0, 3, 23.96, 203806, 1527
5560, 0, 251, 260, 257, 44, 3.06%, 74, 0, 3, 24.83, 203937, 1527
5565, 0, 251, 260, 257, 44, 3.06%, 74, 0, 3, 27.14, 204073, 1527
5571, 0, 251, 260, 257, 44, 3.06%, 74, 0, 3, 24.49, 204194, 1527
5576, 0, 251, 260, 257, 44, 3.06%, 74, 0, 3, 24.00, 204314, 1527
5581, 0, 251, 260, 257, 44, 3.06%, 74, 0, 3, 25.22, 204437, 1527
5586, 0, 251, 260, 257, 44, 3.06%, 74, 0, 3, 26.35, 204577, 1527
5591, 0, 251, 260, 257, 44, 3.06%, 74, 0, 3, 26.84, 204720, 1527
5596, 0, 251, 260, 257, 44, 3.06%, 74, 0, 3, 27.83, 204864, 1527
5601, 0, 251, 260, 257, 44, 3.06%, 74, 0, 3, 26.13, 205003, 1527
5607, 0, 251, 260, 257, 44, 3.06%, 74, 0, 3, 25.79, 205135, 1527
5612, 0, 251, 260, 257, 44, 3.06%, 74, 0, 3, 26.48, 205269, 1527
5617, 0, 251, 260, 257, 44, 3.06%, 74, 0, 3, 26.97, 205411, 1527
5622, 0, 251, 260, 257, 44, 3.06%, 74, 0, 3, 29.88, 205558, 1527
5627, 0, 251, 260, 257, 44, 3.06%, 74, 0, 3, 26.66, 205691, 1527
5632, 0, 251, 260, 257, 44, 3.06%, 74, 0, 3, 27.22, 205832, 1527
5637, 0, 251, 260, 257, 44, 3.06%, 74, 0, 3, 28.74, 205978, 1527
5643, 0, 251, 260, 257, 44, 3.06%, 74, 0, 3, 22.59, 206092, 1527
5648, 0, 251, 260, 257, 44, 3.06%, 74, 0, 3, 28.01, 206236, 1527
5653, 0, 251, 260, 257, 44, 3.06%, 74, 0, 3, 28.50, 206383, 1527
5658, 0, 251, 260, 257, 44, 3.06%, 74, 0, 3, 27.47, 206528, 1527
5663, 0, 251, 260, 257, 44, 3.06%, 74, 0, 3, 23.42, 206641, 1527
5668, 0, 251, 260, 257, 44, 3.06%, 74, 0, 3, 24.34, 206766, 1527
5673, 0, 251, 260, 257, 44, 3.06%, 74, 0, 3, 26.94, 206906, 1527
5678, 0, 251, 260, 257, 44, 3.06%, 74, 0, 3, 27.20, 207040, 1527
5683, 0, 251, 260, 257, 44, 3.06%, 74, 0, 3, 28.41, 207186, 1527
5688, 0, 251, 260, 257, 44, 3.06%, 74, 0, 3, 23.50, 207302, 1527
5694, 0, 251, 260, 257, 44, 3.06%, 74, 0, 3, 23.32, 207421, 1527
5699, 0, 251, 260, 257, 44, 3.06%, 74, 0, 3, 26.29, 207569, 1527
5704, 0, 251, 260, 257, 44, 3.06%, 74, 0, 3, 26.58, 207699, 1527
5709, 0, 251, 260, 257, 44, 3.06%, 74, 0, 3, 38.57, 207912, 1527
5714, 0, 251, 260, 257, 44, 3.06%, 74, 0, 3, 29.21, 208049, 1527
5719, 0, 251, 260, 257, 44, 3.06%, 74, 0, 3, 29.38, 208196, 1527
5724, 0, 251, 260, 257, 44, 3.06%, 74, 0, 3, 27.85, 208327, 1527
5729, 0, 251, 260, 257, 44, 3.06%, 74, 0, 3, 28.50, 208466, 1527
5735, 0, 251, 260, 257, 44, 3.06%, 74, 0, 3, 27.43, 208590, 1527
5740, 0, 251, 260, 257, 44, 3.06%, 74, 0, 3, 26.98, 208727, 1527
5745, 0, 251, 260, 257, 44, 3.06%, 74, 0, 3, 21.06, 208833, 1527
5750, 0, 251, 260, 257, 44, 3.06%, 74, 0, 3, 26.25, 208969, 1527
5755, 0, 251, 260, 257, 44, 3.06%, 74, 0, 3, 28.07, 209109, 1527
5760, 0, 251, 260, 257, 44, 3.06%, 74, 0, 3, 29.47, 209262, 1527
5765, 0, 251, 260, 257, 44, 3.06%, 74, 0, 3, 25.55, 209389, 1527
5770, 0, 251, 260, 257, 44, 3.06%, 74, 0, 3, 25.10, 209513, 1527
5775, 0, 251, 260, 257, 44, 3.06%, 74, 0, 3, 27.48, 209657, 1527
5780, 0, 251, 260, 257, 44, 3.06%, 74, 0, 3, 28.56, 209785, 1527
5785, 0, 251, 260, 257, 44, 3.06%, 74, 0, 3, 24.73, 209895, 1527
5790, 0, 251, 260, 257, 44, 3.06%, 74, 0, 3, 28.91, 210049, 1527
5796, 0, 251, 260, 257, 44, 3.06%, 74, 0, 3, 27.25, 210182, 1527
5801, 0, 251, 260, 257, 44, 3.06%, 74, 0, 3, 40.41, 210446, 1527
5806, 0, 251, 260, 257, 44, 3.06%, 74, 0, 3, 30.46, 210595, 1527
5811, 0, 251, 260, 257, 44, 3.06%, 74, 0, 3, 32.70, 210743, 1527
5816, 0, 251, 260, 257, 44, 3.06%, 74, 0, 3, 26.10, 210861, 1527
5821, 0, 251, 260, 257, 44, 3.06%, 74, 0, 3, 30.56, 211022, 1527
5826, 0, 251, 260, 257, 44, 3.06%, 74, 0, 3, 30.06, 211161, 1527
5831, 0, 251, 260, 257, 44, 3.06%, 74, 0, 3, 27.53, 211290, 1527
5837, 0, 251, 260, 257, 44, 3.06%, 74, 0, 3, 41.19, 211496, 1527
5842, 0, 251, 260, 257, 44, 3.06%, 74, 0, 3, 29.22, 211639, 1527
5847, 0, 251, 260, 257, 44, 3.06%, 74, 0, 3, 27.32, 211772, 1527
5852, 0, 251, 260, 257, 44, 3.06%, 74, 0, 3, 29.01, 211910, 1527
5857, 0, 251, 260, 257, 44, 3.06%, 74, 0, 3, 26.36, 212038, 1527
5862, 0, 251, 260, 257, 44, 3.06%, 74, 0, 3, 26.69, 212172, 1527
5867, 0, 251, 260, 257, 44, 3.06%, 74, 0, 3, 28.40, 212314, 1527
5872, 0, 251, 260, 257, 44, 3.06%, 74, 0, 3, 29.63, 212459, 1527
5877, 0, 251, 260, 257, 44, 3.06%, 74, 0, 3, 28.69, 212603, 1527
5883, 0, 251, 260, 257, 44, 3.06%, 74, 0, 3, 26.13, 212734, 1527
5888, 0, 251, 260, 257, 44, 3.06%, 74, 0, 3, 27.64, 212875, 1527
5893, 0, 251, 260, 257, 44, 3.06%, 74, 0, 3, 28.59, 213020, 1527
5898, 0, 251, 260, 257, 44, 3.06%, 74, 0, 3, 28.03, 213154, 1527
5903, 0, 251, 260, 257, 44, 3.06%, 74, 0, 3, 28.47, 213297, 1527
5908, 0, 251, 260, 257, 44, 3.06%, 74, 0, 3, 26.80, 213428, 1527
5913, 0, 251, 260, 257, 44, 3.06%, 74, 0, 3, 39.20, 213555, 1527
5918, 0, 251, 260, 257, 44, 3.06%, 74, 0, 3, 36.06, 213706, 1527
5924, 0, 251, 260, 257, 44, 3.06%, 74, 0, 3, 58.71, 213982, 1527
5929, 0, 251, 260, 257, 44, 3.06%, 74, 0, 3, 36.05, 214127, 1527
5934, 0, 251, 260, 257, 44, 3.06%, 74, 0, 3, 30.26, 214267, 1527
5939, 0, 251, 260, 257, 44, 3.06%, 74, 0, 3, 28.28, 214411, 1527
5944, 0, 251, 260, 257, 44, 3.06%, 74, 0, 3, 25.12, 214528, 1527
5949, 0, 251, 260, 257, 44, 3.06%, 74, 0, 3, 28.92, 214675, 1527
5954, 0, 251, 260, 257, 44, 3.06%, 74, 0, 3, 25.49, 214809, 1527
5959, 0, 251, 260, 257, 44, 3.06%, 74, 0, 3, 22.76, 214924, 1527
5964, 0, 251, 260, 257, 44, 3.06%, 74, 0, 3, 24.81, 215057, 1527
5969, 0, 251, 260, 257, 44, 3.06%, 74, 0, 3, 25.95, 215186, 1527
5975, 0, 251, 260, 257, 44, 3.06%, 74, 0, 3, 26.45, 215318, 1527
5980, 0, 251, 260, 257, 44, 3.06%, 74, 0, 3, 25.48, 215440, 1527
5985, 0, 251, 260, 257, 44, 3.06%, 74, 0, 3, 25.35, 215560, 1527
5990, 0, 251, 260, 257, 44, 3.06%, 74, 0, 3, 26.12, 215694, 1527
5995, 0, 251, 260, 257, 44, 3.06%, 74, 0, 3, 24.55, 215823, 1527
6000, 0, 251, 260, 257, 44, 3.06%, 74, 0, 3, 26.02, 215956, 1527
6005, 0, 251, 260, 257, 44, 3.06%, 74, 0, 3, 25.62, 216081, 1527
6010, 0, 251, 260, 257, 44, 3.06%, 74, 0, 3, 28.11, 216228, 1527
6015, 0, 251, 260, 257, 44, 3.06%, 74, 0, 3, 26.44, 216360, 1527
6020, 0, 251, 260, 257, 44, 3.06%, 74, 0, 3, 33.69, 216561, 1527
6025, 0, 251, 260, 257, 44, 3.06%, 74, 0, 3, 27.22, 216691, 1527
6031, 0, 251, 260, 257, 44, 3.06%, 74, 0, 3, 26.81, 216814, 1527
6036, 0, 251, 260, 257, 44, 3.06%, 74, 0, 3, 29.35, 216962, 1527
6041, 0, 251, 260, 257, 44, 3.06%, 74, 0, 3, 27.63, 217104, 1527
6046, 0, 251, 260, 257, 44, 3.06%, 74, 0, 3, 26.86, 217229, 1527
6051, 0, 251, 260, 257, 44, 3.06%, 74, 0, 3, 28.25, 217373, 1527
6056, 0, 251, 260, 257, 44, 3.06%, 74, 0, 3, 27.77, 217510, 1527
6061, 0, 251, 260, 257, 44, 3.06%, 74, 0, 3, 26.41, 217636, 1527
6066, 0, 251, 260, 257, 44, 3.06%, 74, 0, 3, 23.35, 217757, 1527
6071, 0, 251, 260, 257, 44, 3.06%, 74, 0, 3, 26.22, 217893, 1527
6076, 0, 251, 260, 257, 44, 3.06%, 74, 0, 3, 23.65, 218010, 1527
6082, 0, 251, 260, 257, 44, 3.06%, 74, 0, 3, 25.16, 218136, 1527
6087, 0, 251, 260, 257, 44, 3.06%, 74, 0, 3, 23.93, 218260, 1527
6092, 0, 251, 260, 257, 44, 3.06%, 74, 0, 3, 25.98, 218399, 1527
6097, 0, 251, 260, 257, 44, 3.06%, 74, 0, 3, 29.31, 218545, 1527
6102, 0, 251, 260, 257, 44, 3.06%, 74, 0, 3, 26.89, 218670, 1527
6107, 0, 251, 260, 257, 44, 3.06%, 74, 0, 3, 28.16, 218816, 1527
6112, 0, 251, 260, 257, 44, 3.06%, 74, 0, 3, 29.13, 218963, 1527
6117, 0, 251, 260, 257, 44, 3.06%, 74, 0, 3, 38.96, 219199, 1527
6122, 0, 251, 260, 257, 44, 3.06%, 74, 0, 3, 30.93, 219347, 1527
6128, 0, 251, 260, 257, 44, 3.06%, 74, 0, 3, 29.52, 219495, 1527
6133, 0, 251, 260, 257, 44, 3.06%, 74, 0, 3, 25.88, 219623, 1527
6138, 0, 251, 260, 257, 44, 3.06%, 74, 0, 3, 25.24, 219758, 1527
6143, 0, 251, 260, 257, 44, 3.06%, 74, 0, 3, 28.69, 219906, 1527
6148, 0, 251, 260, 257, 44, 3.06%, 74, 0, 3, 27.57, 220040, 1527
6153, 0, 251, 260, 257, 44, 3.06%, 74, 0, 3, 24.61, 220155, 1527
6158, 0, 251, 260, 257, 44, 3.06%, 74, 0, 3, 25.53, 220282, 1527
6164, 0, 251, 260, 257, 44, 3.06%, 74, 0, 3, 23.64, 220408, 1527
6169, 0, 251, 260, 257, 44, 3.06%, 74, 0, 3, 26.73, 220542, 1527
6174, 0, 251, 260, 257, 44, 3.06%, 74, 0, 3, 26.80, 220681, 1527
6179, 0, 251, 260, 257, 44, 3.06%, 74, 0, 3, 25.85, 220805, 1527
6184, 0, 251, 260, 257, 44, 3.06%, 74, 0, 3, 27.67, 220940, 1527
6189, 0, 251, 260, 257, 44, 3.06%, 74, 0, 3, 24.08, 221058, 1527
6194, 0, 251, 260, 257, 44, 3.06%, 74, 0, 3, 27.13, 221198, 1527
6199, 0, 251, 260, 257, 44, 3.06%, 74, 0, 3, 16.96, 221313, 1527
6204, 0, 251, 260, 257, 44, 3.06%, 74, 0, 3, 22.63, 221437, 1527
6209, 0, 251, 260, 257, 44, 3.06%, 74, 0, 3, 23.07, 221553, 1527
6214, 0, 251, 260, 257, 44, 3.06%, 74, 0, 3, 27.32, 221694, 1527
6219, 0, 251, 260, 257, 44, 3.06%, 74, 0, 3, 30.28, 221838, 1527
6225, 0, 251, 260, 257, 44, 3.06%, 74, 0, 3, 25.26, 221968, 1527
6230, 0, 251, 260, 257, 44, 3.06%, 74, 0, 3, 25.65, 222097, 1527
6235, 0, 251, 260, 257, 44, 3.06%, 74, 0, 3, 27.56, 222239, 1527
6240, 0, 251, 260, 257, 44, 3.06%, 74, 0, 3, 24.21, 222367, 1527
6245, 0, 251, 260, 257, 44, 3.06%, 74, 0, 3, 24.54, 222491, 1527
6250, 0, 251, 260, 257, 44, 3.06%, 74, 0, 3, 25.14, 222618, 1527
6255, 0, 251, 260, 257, 44, 3.06%, 74, 0, 3, 25.35, 222749, 1527
6260, 0, 251, 260, 257, 44, 3.06%, 74, 0, 3, 25.26, 222869, 1527
6266, 0, 251, 260, 257, 44, 3.06%, 74, 0, 3, 26.64, 223003, 1527
6271, 0, 251, 260, 257, 44, 3.06%, 74, 0, 3, 26.33, 223131, 1527
6276, 0, 251, 260, 257, 44, 3.06%, 74, 0, 3, 27.07, 223270, 1527
6281, 0, 251, 260, 257, 44, 3.06%, 74, 0, 3, 37.25, 223451, 1527
6286, 0, 251, 260, 257, 44, 3.06%, 74, 0, 3, 29.56, 223593, 1527
6291, 0, 251, 260, 257, 44, 3.06%, 74, 0, 3, 26.50, 223715, 1527
6296, 0, 251, 260, 257, 44, 3.06%, 74, 0, 3, 27.18, 223846, 1527
6301, 0, 251, 260, 257, 44, 3.06%, 74, 0, 3, 24.32, 223965, 1527
6306, 0, 251, 260, 257, 44, 3.06%, 74, 0, 3, 28.96, 224113, 1527
6311, 0, 251, 260, 257, 44, 3.06%, 74, 0, 3, 29.56, 224265, 1527
6316, 0, 251, 260, 257, 44, 3.06%, 74, 0, 3, 27.93, 224399, 1527
6321, 0, 251, 260, 257, 44, 3.06%, 74, 0, 3, 31.21, 224558, 1527
6326, 0, 251, 260, 257, 44, 3.06%, 74, 0, 3, 27.57, 224690, 1527
6331, 0, 251, 260, 257, 44, 3.06%, 74, 0, 3, 26.50, 224831, 1527
6337, 0, 251, 260, 257, 44, 3.06%, 74, 0, 3, 26.87, 224959, 1527
6342, 0, 251, 260, 257, 44, 3.06%, 74, 0, 3, 26.48, 225095, 1527
6347, 0, 251, 260, 257, 44, 3.06%, 74, 0, 3, 27.12, 225229, 1527
6352, 0, 251, 260, 257, 44, 3.06%, 74, 0, 3, 27.01, 225357, 1527
6357, 0, 251, 260, 257, 44, 3.06%, 74, 0, 3, 28.23, 225492, 1527
6362, 0, 251, 260, 257, 44, 3.06%, 74, 0, 3, 26.27, 225624, 1527
6367, 0, 251, 260, 257, 44, 3.06%, 74, 0, 3, 25.99, 225755, 1527
6372, 0, 251, 260, 257, 44, 3.06%, 74, 0, 3, 30.07, 225925, 1527
6377, 0, 251, 260, 257, 44, 3.06%, 74, 0, 3, 28.60, 226069, 1527
6382, 0, 251, 260, 257, 44, 3.06%, 74, 0, 3, 29.39, 226212, 1527
6387, 0, 251, 260, 257, 44, 3.06%, 74, 0, 3, 24.71, 226336, 1527
6392, 0, 251, 260, 257, 44, 3.06%, 74, 0, 3, 23.00, 226450, 1527
6397, 0, 251, 260, 257, 44, 3.06%, 74, 0, 3, 25.95, 226577, 1527
6402, 0, 251, 260, 257, 44, 3.06%, 74, 0, 3, 28.09, 226720, 1527
6408, 0, 251, 260, 257, 44, 3.06%, 74, 0, 3, 8.06, 226844, 1527
6413, 0, 251, 260, 257, 44, 3.06%, 74, 0, 3, 23.98, 226989, 1527
6418, 0, 251, 260, 257, 44, 3.06%, 74, 0, 3, 26.75, 227125, 1527
6423, 0, 251, 260, 257, 44, 3.06%, 74, 0, 3, 28.65, 227276, 1527
6428, 0, 251, 260, 257, 44, 3.06%, 74, 0, 3, 26.81, 227403, 1527
6433, 0, 251, 260, 257, 44, 3.06%, 74, 0, 3, 26.09, 227534, 1527
6438, 0, 251, 260, 257, 44, 3.06%, 74, 0, 3, 27.90, 227677, 1527
6444, 0, 251, 260, 257, 44, 3.06%, 74, 0, 3, 25.21, 227803, 1527
6449, 0, 251, 260, 257, 44, 3.06%, 74, 0, 3, 24.58, 227924, 1527
6454, 0, 251, 260, 257, 44, 3.06%, 74, 0, 3, 23.02, 228029, 1527
6459, 0, 251, 260, 257, 44, 3.06%, 74, 0, 3, 29.37, 228191, 1527
6464, 0, 251, 260, 257, 44, 3.06%, 74, 0, 3, 27.79, 228329, 1527
6469, 0, 251, 260, 257, 44, 3.06%, 74, 0, 3, 45.71, 228622, 1527
6474, 0, 251, 260, 257, 44, 3.06%, 74, 0, 3, 31.23, 228771, 1527
6479, 0, 251, 260, 257, 44, 3.06%, 74, 0, 3, 29.55, 228913, 1527
6484, 0, 251, 260, 257, 44, 3.06%, 74, 0, 3, 32.44, 229070, 1527
6489, 0, 251, 260, 257, 44, 3.06%, 74, 0, 3, 27.66, 229203, 1527
6495, 0, 251, 260, 257, 44, 3.06%, 74, 0, 3, 27.68, 229338, 1527
6500, 0, 251, 260, 257, 44, 3.06%, 74, 0, 3, 23.03, 229440, 1527
6505, 0, 251, 260, 257, 44, 3.06%, 74, 0, 3, 25.96, 229577, 1527
6510, 0, 251, 260, 257, 44, 3.06%, 74, 0, 3, 27.00, 229707, 1527
6515, 0, 251, 260, 257, 44, 3.06%, 74, 0, 3, 15.36, 229833, 1527
6520, 0, 251, 260, 257, 44, 3.06%, 74, 0, 3, 22.24, 229961, 1527
6525, 0, 251, 260, 257, 44, 3.06%, 74, 0, 3, 25.96, 230102, 1527
6530, 0, 251, 260, 257, 44, 3.06%, 74, 0, 3, 30.19, 230255, 1527
6535, 0, 251, 260, 257, 44, 3.06%, 74, 0, 3, 28.41, 230397, 1527
6540, 0, 251, 260, 257, 44, 3.06%, 74, 0, 3, 28.80, 230539, 1527
6545, 0, 251, 260, 257, 44, 3.06%, 74, 0, 3, 27.75, 230674, 1527
6551, 0, 251, 260, 257, 44, 3.06%, 74, 0, 3, 27.41, 230819, 1527
6556, 0, 251, 260, 257, 44, 3.06%, 74, 0, 3, 25.94, 230950, 1527
6561, 0, 251, 260, 257, 44, 3.06%, 74, 0, 3, 26.95, 231092, 1527
6566, 0, 251, 260, 257, 44, 3.06%, 74, 0, 3, 27.49, 231232, 1527
6571, 0, 251, 260, 257, 44, 3.06%, 74, 0, 3, 28.12, 231373, 1527
6576, 0, 251, 260, 257, 44, 3.06%, 74, 0, 3, 26.91, 231511, 1527
6582, 0, 251, 260, 257, 44, 3.06%, 74, 0, 3, 26.57, 231642, 1527
6587, 0, 251, 260, 257, 44, 3.06%, 74, 0, 3, 27.00, 231780, 1527
6592, 0, 251, 260, 257, 44, 3.06%, 74, 0, 3, 27.53, 231917, 1527
6597, 0, 251, 260, 257, 44, 3.06%, 74, 0, 3, 26.89, 232045, 1527
6602, 0, 251, 260, 257, 44, 3.06%, 74, 0, 3, 26.70, 232179, 1527
6607, 0, 251, 260, 257, 44, 3.06%, 74, 0, 3, 24.72, 232301, 1527
6612, 0, 251, 260, 257, 44, 3.06%, 74, 0, 3, 23.11, 232419, 1527
6617, 0, 251, 260, 257, 44, 3.06%, 74, 0, 3, 27.63, 232559, 1527
6623, 0, 251, 260, 257, 44, 3.06%, 74, 0, 3, 22.45, 232671, 1527
6628, 0, 251, 260, 257, 44, 3.06%, 74, 0, 3, 26.32, 232817, 1527
6633, 0, 251, 260, 257, 44, 3.06%, 74, 0, 3, 34.28, 232997, 1527
6638, 0, 251, 260, 257, 44, 3.06%, 74, 0, 3, 32.56, 233131, 1527
6643, 0, 251, 260, 257, 44, 3.06%, 74, 0, 3, 29.03, 233264, 1527
6648, 0, 251, 260, 257, 44, 3.06%, 74, 0, 3, 24.21, 233374, 1527
6653, 0, 251, 260, 257, 44, 3.06%, 74, 0, 3, 24.80, 233499, 1527
6658, 0, 251, 260, 257, 44, 3.06%, 74, 0, 3, 25.23, 233629, 1527
6663, 0, 251, 260, 257, 44, 3.06%, 74, 0, 3, 24.61, 233754, 1527
6669, 0, 251, 260, 257, 44, 3.06%, 74, 0, 3, 25.94, 233895, 1527
6674, 0, 251, 260, 257, 44, 3.06%, 74, 0, 3, 24.92, 234024, 1527
6679, 0, 251, 260, 257, 44, 3.06%, 74, 0, 3, 32.65, 234192, 1527
6684, 0, 251, 260, 257, 44, 3.06%, 74, 0, 3, 25.40, 234308, 1527
6689, 0, 251, 260, 257, 44, 3.06%, 74, 0, 3, 23.07, 234423, 1527
6694, 0, 251, 260, 257, 44, 3.06%, 74, 0, 3, 26.17, 234566, 1527
6699, 0, 251, 260, 257, 44, 3.06%, 74, 0, 3, 32.76, 234730, 1527
6704, 0, 251, 260, 257, 44, 3.06%, 74, 0, 3, 25.51, 234846, 1527
6709, 0, 251, 260, 257, 44, 3.06%, 74, 0, 3, 25.59, 234981, 1527
6714, 0, 251, 260, 257, 44, 3.06%, 74, 0, 3, 17.57, 235089, 1527
6720, 0, 251, 260, 257, 44, 3.06%, 74, 0, 3, 24.75, 235226, 1527
6725, 0, 251, 260, 257, 44, 3.06%, 74, 0, 3, 27.82, 235374, 1527
6730, 0, 251, 260, 257, 44, 3.06%, 74, 0, 3, 27.13, 235510, 1527
6735, 0, 251, 260, 257, 44, 3.06%, 74, 0, 3, 26.28, 235639, 1527
6740, 0, 251, 260, 257, 44, 3.06%, 74, 0, 3, 26.72, 235767, 1527
6745, 0, 251, 260, 257, 44, 3.06%, 74, 0, 3, 39.12, 235957, 1527
6750, 0, 251, 260, 257, 44, 3.06%, 74, 0, 3, 30.01, 236097, 1527
6756, 0, 251, 260, 257, 44, 3.06%, 74, 0, 3, 28.81, 236247, 1527
6761, 0, 251, 260, 257, 44, 3.06%, 74, 0, 3, 29.59, 236401, 1527
6766, 0, 251, 260, 257, 44, 3.06%, 74, 0, 3, 28.72, 236537, 1527
6771, 0, 251, 260, 257, 44, 3.06%, 74, 0, 3, 28.34, 236681, 1527
6776, 0, 251, 260, 257, 44, 3.06%, 74, 0, 3, 25.68, 236810, 1527
6781, 0, 251, 260, 257, 44, 3.06%, 74, 0, 3, 28.86, 236963, 1527
6786, 0, 251, 260, 257, 44, 3.06%, 74, 0, 3, 30.14, 237110, 1527
6791, 0, 251, 260, 257, 44, 3.06%, 74, 0, 3, 32.41, 237279, 1527
6797, 0, 251, 260, 257, 44, 3.06%, 74, 0, 3, 26.07, 237408, 1527
6802, 0, 251, 260, 257, 44, 3.06%, 74, 0, 3, 26.63, 237546, 1527
6807, 0, 251, 260, 257, 44, 3.06%, 74, 0, 3, 4.65, 237690, 1527
6812, 0, 251, 260, 257, 44, 3.06%, 74, 0, 3, 27.46, 237830, 1527
6817, 0, 251, 260, 257, 44, 3.06%, 74, 0, 3, 26.31, 237965, 1527
6822, 0, 251, 260, 257, 44, 3.06%, 74, 0, 3, 27.49, 238109, 1527
6827, 0, 251, 260, 257, 44, 3.06%, 74, 0, 3, 28.20, 238257, 1527
6832, 0, 251, 260, 257, 44, 3.06%, 74, 0, 3, 28.20, 238398, 1527
6837, 0, 251, 260, 257, 44, 3.06%, 74, 0, 3, 33.08, 238588, 1527
6842, 0, 251, 260, 257, 44, 3.06%, 74, 0, 3, 29.70, 238721, 1527
6847, 0, 251, 260, 257, 44, 3.06%, 74, 0, 3, 6.07, 238860, 1527
6853, 0, 251, 260, 257, 44, 3.06%, 74, 0, 3, 28.06, 238996, 1527
6858, 0, 251, 260, 257, 44, 3.06%, 74, 0, 3, 24.63, 239115, 1527
6863, 0, 251, 260, 257, 44, 3.06%, 74, 0, 3, 26.54, 239249, 1527
6868, 0, 251, 260, 257, 44, 3.06%, 74, 0, 3, 26.95, 239400, 1527
6873, 0, 251, 260, 257, 44, 3.06%, 74, 0, 3, 23.83, 239527, 1527
6878, 0, 251, 260, 257, 44, 3.06%, 74, 0, 3, 24.28, 239650, 1527
6883, 0, 251, 260, 257, 44, 3.06%, 74, 0, 3, 24.03, 239771, 1527
6889, 0, 251, 260, 257, 44, 3.06%, 74, 0, 3, 24.24, 239895, 1527
6894, 0, 251, 260, 257, 44, 3.06%, 74, 0, 3, 24.34, 240021, 1527
6899, 0, 251, 260, 257, 44, 3.06%, 74, 0, 3, 26.40, 240154, 1527
6904, 0, 251, 260, 257, 44, 3.06%, 74, 0, 3, 26.75, 240290, 1527
6909, 0, 251, 260, 257, 44, 3.06%, 74, 0, 3, 25.76, 240419, 1527
6914, 0, 251, 260, 257, 44, 3.06%, 74, 0, 3, 24.84, 240547, 1527
6920, 0, 251, 260, 257, 44, 3.06%, 74, 0, 3, 25.50, 240669, 1527
6925, 0, 251, 260, 257, 44, 3.06%, 74, 0, 3, 46.61, 240887, 1527
6930, 0, 251, 260, 257, 44, 3.06%, 74, 0, 3, 47.49, 241196, 1527
6935, 0, 251, 260, 257, 44, 3.06%, 74, 0, 3, 32.23, 241335, 1527
6940, 0, 251, 260, 257, 44, 3.06%, 74, 0, 3, 27.27, 241468, 1527
6945, 0, 251, 260, 257, 44, 3.06%, 74, 0, 3, 25.12, 241597, 1527
6950, 0, 251, 260, 257, 44, 3.06%, 74, 0, 3, 26.28, 241727, 1527
6956, 0, 251, 260, 257, 44, 3.06%, 74, 0, 3, 26.34, 241865, 1527
6961, 0, 251, 260, 257, 44, 3.06%, 74, 0, 3, 28.90, 242038, 1527
6966, 0, 251, 260, 257, 44, 3.06%, 74, 0, 3, 25.23, 242147, 1527
6971, 0, 251, 260, 257, 44, 3.06%, 74, 0, 3, 26.03, 242276, 1527
6976, 0, 251, 260, 257, 44, 3.06%, 74, 0, 3, 26.49, 242405, 1527
6981, 0, 251, 260, 257, 44, 3.06%, 74, 0, 3, 23.43, 242514, 1527
6986, 0, 251, 260, 257, 44, 3.06%, 74, 0, 3, 24.27, 242636, 1527
6991, 0, 251, 260, 257, 44, 3.06%, 74, 0, 3, 20.44, 242734, 1527
6996, 0, 251, 260, 257, 44, 3.06%, 74, 0, 3, 20.28, 242832, 1527
7002, 0, 251, 260, 257, 44, 3.06%, 74, 0, 3, 23.56, 242957, 1527
7007, 0, 251, 260, 257, 44, 3.06%, 74, 0, 3, 22.29, 243059, 1527
7012, 0, 251, 260, 257, 44, 3.06%, 74, 0, 3, 22.47, 243176, 1527
7017, 0, 251, 260, 257, 44, 3.06%, 74, 0, 3, 21.41, 243284, 1527
7022, 0, 251, 260, 257, 44, 3.06%, 74, 0, 3, 23.07, 243393, 1527
7027, 0, 251, 260, 257, 44, 3.06%, 74, 0, 3, 20.07, 243499, 1527
7032, 0, 251, 260, 257, 44, 3.06%, 74, 0, 3, 18.45, 243584, 1527
7038, 0, 251, 260, 257, 44, 3.06%, 74, 0, 3, 18.29, 243680, 1527
7043, 0, 251, 260, 257, 44, 3.06%, 74, 0, 3, 16.97, 243767, 1527
7048, 0, 251, 260, 257, 44, 3.06%, 74, 0, 3, 15.40, 243837, 1527
7053, 0, 251, 260, 257, 44, 3.06%, 74, 0, 3, 18.19, 243939, 1527
7058, 0, 251, 260, 257, 44, 3.06%, 74, 0, 3, 20.35, 244046, 1527
7063, 0, 251, 260, 257, 44, 3.06%, 74, 0, 3, 22.73, 244166, 1527
7068, 0, 251, 260, 257, 44, 3.06%, 74, 0, 3, 21.96, 244272, 1527
7073, 0, 251, 260, 257, 44, 3.06%, 74, 0, 3, 24.24, 244390, 1527
7078, 0, 251, 260, 257, 44, 3.06%, 74, 0, 3, 20.56, 244489, 1527
7084, 0, 251, 260, 257, 44, 3.06%, 74, 0, 3, 20.57, 244595, 1527
7089, 0, 251, 260, 257, 44, 3.06%, 74, 0, 3, 19.30, 244693, 1527
7094, 0, 251, 260, 257, 44, 3.06%, 74, 0, 3, 19.18, 244796, 1527
7099, 0, 251, 260, 257, 44, 3.06%, 74, 0, 3, 20.25, 244896, 1527
7104, 0, 251, 260, 257, 44, 3.06%, 74, 0, 3, 26.23, 245028, 1527
7109, 0, 251, 260, 257, 44, 3.06%, 74, 0, 3, 25.00, 245149, 1527
7114, 0, 251, 260, 257, 44, 3.06%, 74, 0, 3, 26.34, 245269, 1527
7119, 0, 251, 260, 257, 44, 3.06%, 74, 0, 3, 28.31, 245408, 1527
7124, 0, 251, 260, 257, 44, 3.06%, 74, 0, 3, 27.37, 245544, 1527
7129, 0, 251, 260, 257, 44, 3.06%, 74, 0, 3, 27.81, 245681, 1527
7134, 0, 251, 260, 257, 44, 3.06%, 74, 0, 3, 26.51, 245808, 1527
7140, 0, 251, 260, 257, 44, 3.06%, 74, 0, 3, 25.95, 245940, 1527
7145, 0, 251, 260, 257, 44, 3.06%, 74, 0, 3, 26.10, 246078, 1527
7150, 0, 251, 260, 257, 44, 3.06%, 74, 0, 3, 6.86, 246217, 1527
7155, 0, 251, 260, 257, 44, 3.06%, 74, 0, 3, 32.68, 246372, 1527
7160, 0, 251, 260, 257, 44, 3.06%, 74, 0, 3, 27.94, 246511, 1527
7165, 0, 251, 260, 257, 44, 3.06%, 74, 0, 3, 23.22, 246626, 1527
7170, 0, 251, 260, 257, 44, 3.06%, 74, 0, 3, 24.80, 246747, 1527
7175, 0, 251, 260, 257, 44, 3.06%, 74, 0, 3, 21.89, 246852, 1527
7181, 0, 251, 260, 257, 44, 3.06%, 74, 0, 3, 23.35, 246970, 1527
7186, 0, 251, 260, 257, 44, 3.06%, 74, 0, 3, 30.09, 247107, 1527
7191, 0, 251, 260, 257, 44, 3.06%, 74, 0, 3, 26.58, 247248, 1527
7196, 0, 251, 260, 257, 44, 3.06%, 74, 0, 3, 25.58, 247369, 1527
7201, 0, 251, 260, 257, 44, 3.06%, 74, 0, 3, 25.30, 247502, 1527
7206, 0, 251, 260, 257, 44, 3.06%, 74, 0, 3, 27.95, 247655, 1527
7211, 0, 251, 260, 257, 44, 3.06%, 74, 0, 3, 25.20, 247770, 1527
7217, 0, 251, 260, 257, 44, 3.06%, 74, 0, 3, 26.10, 247900, 1527
7222, 0, 251, 260, 257, 44, 3.06%, 74, 0, 3, 24.17, 248020, 1527
7227, 0, 251, 260, 257, 44, 3.06%, 74, 0, 3, 15.51, 248205, 1527
7232, 0, 251, 260, 257, 44, 3.06%, 74, 0, 3, 21.95, 248328, 1527
7237, 0, 251, 260, 257, 44, 3.06%, 74, 0, 3, 23.79, 248453, 1527
7242, 0, 251, 260, 257, 44, 3.06%, 74, 0, 3, 19.46, 248541, 1527
7247, 0, 251, 260, 257, 44, 3.06%, 74, 0, 3, 21.18, 248643, 1527
7252, 0, 251, 260, 257, 44, 3.06%, 74, 0, 3, 23.11, 248757, 1527
7258, 0, 251, 260, 257, 44, 3.06%, 74, 0, 3, 23.82, 248872, 1527
7263, 0, 251, 260, 257, 44, 3.06%, 74, 0, 3, 25.71, 249007, 1527
7268, 0, 251, 260, 257, 44, 3.06%, 74, 0, 3, 27.59, 249141, 1527
7273, 0, 251, 260, 257, 44, 3.06%, 74, 0, 3, 29.56, 249292, 1527
7278, 0, 251, 260, 257, 44, 3.06%, 74, 0, 3, 28.73, 249444, 1527
7283, 0, 251, 260, 257, 44, 3.06%, 74, 0, 3, 26.07, 249576, 1527
7288, 0, 251, 260, 257, 44, 3.06%, 74, 0, 3, 26.98, 249705, 1527
7293, 0, 251, 260, 257, 44, 3.06%, 74, 0, 3, 26.47, 249843, 1527
7298, 0, 251, 260, 257, 44, 3.06%, 74, 0, 3, 23.74, 249959, 1527
7303, 0, 251, 260, 257, 44, 3.06%, 74, 0, 3, 31.41, 250141, 1527
7309, 0, 251, 260, 257, 44, 3.06%, 74, 0, 3, 27.33, 250271, 1527
7314, 0, 251, 260, 257, 44, 3.06%, 74, 0, 3, 26.51, 250402, 1527
7319, 0, 251, 260, 257, 44, 3.06%, 74, 0, 3, 22.15, 250502, 1527
7324, 0, 251, 260, 257, 44, 3.06%, 74, 0, 3, 26.30, 250643, 1527
7329, 0, 251, 260, 257, 44, 3.06%, 74, 0, 3, 24.17, 250766, 1527
7334, 0, 251, 260, 257, 44, 3.06%, 74, 0, 3, 28.83, 250910, 1527
7339, 0, 251, 260, 257, 44, 3.06%, 74, 0, 3, 28.91, 251084, 1527
7344, 0, 251, 260, 257, 44, 3.06%, 74, 0, 3, 25.56, 251208, 1527
7350, 0, 251, 260, 257, 44, 3.06%, 74, 0, 3, 23.63, 251327, 1527
7355, 0, 251, 260, 257, 44, 3.06%, 74, 0, 3, 24.96, 251456, 1527
7360, 0, 251, 260, 257, 44, 3.06%, 74, 0, 3, 24.66, 251575, 1527
7365, 0, 251, 260, 257, 44, 3.06%, 74, 0, 3, 22.06, 251692, 1527
7370, 0, 251, 260, 257, 44, 3.06%, 74, 0, 3, 19.63, 251792, 1527
7375, 0, 251, 260, 257, 44, 3.06%, 74, 0, 3, 18.47, 251883, 1527
7380, 0, 251, 260, 257, 44, 3.06%, 74, 0, 3, 19.83, 251979, 1527
7386, 0, 251, 260, 257, 44, 3.06%, 74, 0, 3, 23.56, 252113, 1527
7391, 0, 251, 260, 257, 44, 3.06%, 74, 0, 3, 24.66, 252249, 1527
7396, 0, 251, 260, 257, 44, 3.06%, 74, 0, 3, 24.34, 252372, 1527
7401, 0, 251, 260, 257, 44, 3.06%, 74, 0, 3, 23.33, 252488, 1527
7406, 0, 251, 260, 257, 44, 3.06%, 74, 0, 3, 25.08, 252617, 1527
7411, 0, 251, 260, 257, 44, 3.06%, 74, 0, 3, 23.86, 252741, 1527
7416, 0, 251, 260, 257, 44, 3.06%, 74, 0, 3, 28.84, 252880, 1527
7422, 0, 251, 260, 257, 44, 3.06%, 74, 0, 3, 27.90, 253025, 1527
7427, 0, 251, 260, 257, 44, 3.06%, 74, 0, 3, 23.47, 253145, 1527
7432, 0, 251, 260, 257, 44, 3.06%, 74, 0, 3, 24.75, 253271, 1527
7437, 0, 251, 260, 257, 44, 3.06%, 74, 0, 3, 26.57, 253398, 1527
7442, 0, 251, 260, 257, 44, 3.06%, 74, 0, 3, 21.63, 253512, 1527
7447, 0, 251, 260, 257, 44, 3.06%, 74, 0, 3, 22.22, 253632, 1527
7452, 0, 251, 260, 257, 44, 3.06%, 74, 0, 3, 23.17, 253748, 1527
7457, 0, 251, 260, 257, 44, 3.06%, 74, 0, 3, 28.25, 253900, 1527
7463, 0, 251, 260, 257, 44, 3.06%, 74, 0, 3, 23.40, 254012, 1527
7468, 0, 251, 260, 257, 44, 3.06%, 74, 0, 3, 20.88, 254124, 1527
7473, 0, 251, 260, 257, 44, 3.06%, 74, 0, 3, 20.26, 254225, 1527
7478, 0, 251, 260, 257, 44, 3.06%, 74, 0, 3, 23.29, 254342, 1527
7483, 0, 251, 260, 257, 44, 3.06%, 74, 0, 3, 23.36, 254458, 1527
7488, 0, 251, 260, 257, 44, 3.06%, 74, 0, 3, 22.92, 254568, 1527
7493, 0, 251, 260, 257, 44, 3.06%, 74, 0, 3, 24.92, 254694, 1527
7498, 0, 251, 260, 257, 44, 3.06%, 74, 0, 3, 24.49, 254820, 1527
7503, 0, 251, 260, 257, 44, 3.06%, 74, 0, 3, 25.09, 254955, 1527
7508, 0, 251, 260, 257, 44, 3.06%, 74, 0, 3, 23.33, 255066, 1527
7514, 0, 251, 260, 257, 44, 3.06%, 74, 0, 3, 19.72, 255160, 1527
7519, 0, 251, 260, 257, 44, 3.06%, 74, 0, 3, 22.28, 255270, 1527
7524, 0, 251, 260, 257, 44, 3.06%, 74, 0, 3, 26.14, 255406, 1527
7529, 0, 251, 260, 257, 44, 3.06%, 74, 0, 3, 24.00, 255523, 1527
7534, 0, 251, 260, 257, 44, 3.06%, 74, 0, 3, 22.97, 255634, 1527
7539, 0, 251, 260, 257, 44, 3.06%, 74, 0, 3, 26.01, 255765, 1527
7544, 0, 251, 260, 257, 44, 3.06%, 74, 0, 3, 22.86, 255884, 1527
7550, 0, 251, 260, 257, 44, 3.06%, 74, 0, 3, 21.25, 255986, 1527
7555, 0, 251, 260, 257, 44, 3.06%, 74, 0, 3, 24.26, 256114, 1527
7560, 0, 251, 260, 257, 44, 3.06%, 74, 0, 3, 23.28, 256233, 1527
7565, 0, 251, 260, 257, 44, 3.06%, 74, 0, 3, 21.68, 256338, 1527
7570, 0, 251, 260, 257, 44, 3.06%, 74, 0, 3, 23.30, 256461, 1527
7575, 0, 251, 260, 257, 44, 3.06%, 74, 0, 3, 26.87, 256597, 1527
7580, 0, 251, 260, 257, 44, 3.06%, 74, 0, 3, 27.20, 256731, 1527
7585, 0, 251, 260, 257, 44, 3.06%, 74, 0, 3, 23.59, 256856, 1527
7591, 0, 251, 260, 257, 44, 3.06%, 74, 0, 3, 34.31, 257041, 1527
7596, 0, 251, 260, 257, 44, 3.06%, 74, 0, 3, 25.41, 257163, 1527
7601, 0, 251, 260, 257, 44, 3.06%, 74, 0, 3, 21.70, 257275, 1527
7606, 0, 251, 260, 257, 44, 3.06%, 74, 0, 3, 25.13, 257402, 1527
7611, 0, 251, 260, 257, 44, 3.06%, 74, 0, 3, 24.05, 257528, 1527
7616, 0, 251, 260, 257, 44, 3.06%, 74, 0, 3, 21.93, 257642, 1527
7621, 0, 251, 260, 257, 44, 3.06%, 74, 0, 3, 24.52, 257768, 1527
7626, 0, 251, 260, 257, 44, 3.06%, 74, 0, 3, 21.85, 257875, 1527
7632, 0, 251, 260, 257, 44, 3.06%, 74, 0, 3, 25.59, 258002, 1527
7637, 0, 251, 260, 257, 44, 3.06%, 74, 0, 3, 25.06, 258122, 1527
7642, 0, 251, 260, 257, 44, 3.06%, 74, 0, 3, 21.62, 258229, 1527
7647, 0, 251, 260, 257, 44, 3.06%, 74, 0, 3, 24.68, 258352, 1527
7652, 0, 251, 260, 257, 44, 3.06%, 74, 0, 3, 23.61, 258467, 1527
7657, 0, 251, 260, 257, 44, 3.06%, 74, 0, 3, 25.69, 258589, 1527
7662, 0, 251, 260, 257, 44, 3.06%, 74, 0, 3, 26.43, 258714, 1527
7667, 0, 251, 260, 257, 44, 3.06%, 74, 0, 3, 20.12, 258809, 1527
7672, 0, 251, 260, 257, 44, 3.06%, 74, 0, 3, 23.20, 258929, 1527
7677, 0, 251, 260, 257, 44, 3.06%, 74, 0, 3, 21.64, 259037, 1527
7682, 0, 251, 260, 257, 44, 3.06%, 74, 0, 3, 24.56, 259168, 1527
7688, 0, 251, 260, 257, 44, 3.06%, 74, 0, 3, 23.78, 259286, 1527
7693, 0, 251, 260, 257, 44, 3.06%, 74, 0, 3, 23.97, 259404, 1527
7698, 0, 251, 260, 257, 44, 3.06%, 74, 0, 3, 25.41, 259532, 1527
7703, 0, 251, 260, 257, 44, 3.06%, 74, 0, 3, 25.63, 259666, 1527
7708, 0, 251, 260, 257, 44, 3.06%, 74, 0, 3, 22.25, 259780, 1527
7714, 0, 251, 260, 257, 44, 3.06%, 74, 0, 3, 21.33, 259893, 1527
7719, 0, 251, 260, 257, 44, 3.06%, 74, 0, 3, 21.30, 260007, 1527
7724, 0, 251, 260, 257, 44, 3.06%, 74, 0, 3, 3.94, 260115, 1527
7729, 0, 251, 260, 257, 44, 3.06%, 74, 0, 3, 21.75, 260219, 1527
7734, 0, 251, 260, 257, 44, 3.06%, 74, 0, 3, 49.94, 260453, 1527
7739, 0, 251, 260, 257, 44, 3.06%, 74, 0, 3, 30.63, 260589, 1527
7744, 0, 251, 260, 257, 44, 3.06%, 74, 0, 3, 21.30, 260687, 1527
7749, 0, 251, 260, 257, 44, 3.06%, 74, 0, 3, 20.88, 260792, 1527
7755, 0, 251, 260, 257, 44, 3.06%, 74, 0, 3, 22.99, 260896, 1527
7760, 0, 251, 260, 257, 44, 3.06%, 74, 0, 3, 23.69, 261033, 1527
7765, 0, 251, 260, 257, 44, 3.06%, 74, 0, 3, 24.34, 261156, 1527
7770, 0, 251, 260, 257, 44, 3.06%, 74, 0, 3, 23.07, 261270, 1527
7775, 0, 251, 260, 257, 44, 3.06%, 74, 0, 3, 23.13, 261394, 1527
7780, 0, 251, 260, 257, 44, 3.06%, 74, 0, 3, 21.56, 261495, 1527
7785, 0, 251, 260, 257, 44, 3.06%, 74, 0, 3, 25.39, 261639, 1527
7790, 0, 251, 260, 257, 44, 3.06%, 74, 0, 3, 27.98, 261778, 1527
7795, 0, 251, 260, 257, 44, 3.06%, 74, 0, 3, 33.17, 261960, 1527
7800, 0, 251, 260, 257, 44, 3.06%, 74, 0, 3, 29.68, 262113, 1527
7806, 0, 251, 260, 257, 44, 3.06%, 74, 0, 3, 15.11, 262314, 1527
7811, 0, 251, 260, 257, 44, 3.06%, 74, 0, 3, 20.45, 262420, 1527
7816, 0, 251, 260, 257, 44, 3.06%, 74, 0, 3, 25.74, 262553, 1527
7821, 0, 251, 260, 257, 44, 3.06%, 74, 0, 3, 26.54, 262689, 1527
7826, 0, 251, 260, 257, 44, 3.06%, 74, 0, 3, 25.27, 262817, 1527
7831, 0, 251, 260, 257, 44, 3.06%, 74, 0, 3, 22.17, 262919, 1527
7836, 0, 251, 260, 257, 44, 3.06%, 74, 0, 3, 23.71, 263046, 1527
7841, 0, 251, 260, 257, 44, 3.06%, 74, 0, 3, 24.94, 263167, 1527
7846, 0, 251, 260, 257, 44, 3.06%, 74, 0, 3, 18.35, 263250, 1527
7851, 0, 251, 260, 257, 44, 3.06%, 74, 0, 3, 22.36, 263360, 1527
7856, 0, 251, 260, 257, 44, 3.06%, 74, 0, 3, 26.98, 263498, 1527
7862, 0, 251, 260, 257, 44, 3.06%, 74, 0, 3, 13.69, 263602, 1527
7867, 0, 251, 260, 257, 44, 3.06%, 74, 0, 3, 18.39, 263708, 1527
7872, 0, 251, 260, 257, 44, 3.06%, 74, 0, 3, 21.55, 263821, 1527
7877, 0, 251, 260, 257, 44, 3.06%, 74, 0, 3, 22.18, 263928, 1527
7882, 0, 251, 260, 257, 44, 3.06%, 74, 0, 3, 26.18, 264059, 1527
7887, 0, 251, 260, 257, 44, 3.06%, 74, 0, 3, 23.87, 264185, 1527
7892, 0, 251, 260, 257, 44, 3.06%, 74, 0, 3, 21.22, 264285, 1527
7897, 0, 251, 260, 257, 44, 3.06%, 74, 0, 3, 22.11, 264399, 1527
7903, 0, 251, 260, 257, 44, 3.06%, 74, 0, 3, 32.93, 264517, 1527
7908, 0, 251, 260, 257, 44, 3.06%, 74, 0, 3, 23.47, 264619, 1527
7913, 0, 251, 260, 257, 44, 3.06%, 74, 0, 3, 22.45, 264727, 1527
7918, 0, 251, 260, 257, 44, 3.06%, 74, 0, 3, 18.67, 264812, 1527
7923, 0, 251, 260, 257, 44, 3.06%, 74, 0, 3, 24.87, 264949, 1527
7928, 0, 251, 260, 257, 44, 3.06%, 74, 0, 3, 24.34, 265073, 1527
7933, 0, 251, 260, 257, 44, 3.06%, 74, 0, 3, 22.94, 265181, 1527
7938, 0, 251, 260, 257, 44, 3.06%, 74, 0, 3, 20.86, 265289, 1527
7943, 0, 251, 260, 257, 44, 3.06%, 74, 0, 3, 23.02, 265407, 1527
7948, 0, 251, 260, 257, 44, 3.06%, 74, 0, 3, 22.51, 265522, 1527
7954, 0, 251, 260, 257, 44, 3.06%, 74, 0, 3, 23.00, 265638, 1527
7959, 0, 251, 260, 257, 44, 3.06%, 74, 0, 3, 24.62, 265768, 1527
7964, 0, 251, 260, 257, 44, 3.06%, 74, 0, 3, 23.18, 265894, 1527
7969, 0, 251, 260, 257, 44, 3.06%, 74, 0, 3, 20.16, 265998, 1527
7974, 0, 251, 260, 257, 44, 3.06%, 74, 0, 3, 22.63, 266113, 1527
7979, 0, 251, 260, 257, 44, 3.06%, 74, 0, 3, 21.40, 266222, 1527
7984, 0, 251, 260, 257, 44, 3.06%, 74, 0, 3, 21.40, 266340, 1527
7989, 0, 251, 260, 257, 44, 3.06%, 74, 0, 3, 24.81, 266460, 1527
7991, 0, 251, 260, 257, 44, 3.06%, 74, 0, 3, 0.00, 266506, 1527
