# relative_time, cycles_done, cur_path, paths_total, pending_total, pending_favs, map_size, unique_crashes, unique_hangs, max_depth, execs_per_sec, total_execs, edges_found
61, 0, 0, 53, 53, 1, 2.66%, 3, 0, 2, 92.67, 6568, 1328
66, 0, 0, 54, 54, 1, 2.66%, 3, 0, 2, 97.29, 7056, 1328
71, 0, 0, 55, 55, 1, 2.66%, 3, 0, 2, 91.33, 7539, 1328
77, 0, 0, 56, 56, 1, 2.66%, 3, 0, 2, 87.81, 7980, 1328
82, 0, 0, 56, 56, 1, 2.66%, 3, 0, 2, 89.89, 8456, 1328
87, 0, 0, 56, 56, 1, 2.66%, 3, 0, 2, 95.28, 8946, 1328
92, 0, 0, 56, 56, 1, 2.66%, 3, 0, 2, 93.30, 9417, 1328
97, 0, 0, 56, 56, 1, 2.66%, 3, 0, 2, 94.41, 9892, 1328
102, 0, 0, 56, 56, 1, 2.66%, 3, 0, 2, 90.75, 10351, 1328
107, 0, 0, 58, 58, 1, 2.66%, 3, 0, 2, 93.81, 10824, 1329
112, 0, 0, 58, 58, 1, 2.66%, 3, 0, 2, 98.38, 11311, 1329
117, 0, 0, 60, 60, 1, 2.67%, 3, 0, 2, 97.14, 11809, 1330
122, 0, 0, 60, 60, 1, 2.67%, 3, 0, 2, 88.01, 12260, 1330
128, 0, 0, 60, 60, 1, 2.67%, 3, 0, 2, 90.85, 12711, 1330
133, 0, 0, 60, 60, 1, 2.67%, 3, 0, 2, 97.84, 13221, 1330
138, 0, 0, 60, 60, 1, 2.67%, 3, 0, 2, 94.40, 13693, 1330
143, 0, 0, 60, 60, 1, 2.67%, 3, 0, 2, 86.67, 14139, 1330
148, 0, 0, 64, 64, 1, 2.67%, 3, 0, 2, 91.81, 14624, 1333
153, 0, 0, 64, 64, 1, 2.67%, 3, 0, 2, 94.37, 15102, 1333
159, 0, 0, 64, 64, 1, 2.67%, 3, 0, 2, 93.24, 15594, 1333
164, 0, 0, 65, 65, 1, 2.67%, 3, 0, 2, 94.61, 16066, 1334
169, 0, 0, 65, 65, 1, 2.67%, 3, 0, 2, 92.45, 16546, 1334
174, 0, 0, 65, 65, 1, 2.67%, 3, 0, 2, 90.43, 17004, 1334
179, 0, 0, 65, 65, 1, 2.67%, 3, 0, 2, 91.27, 17488, 1334
184, 0, 0, 65, 65, 1, 2.67%, 3, 0, 2, 95.53, 17971, 1334
189, 0, 0, 65, 65, 1, 2.67%, 3, 0, 2, 90.64, 18430, 1334
195, 0, 0, 65, 65, 1, 2.67%, 3, 0, 2, 95.22, 18913, 1334
200, 0, 0, 65, 65, 1, 2.67%, 3, 0, 2, 88.48, 19354, 1334
205, 0, 0, 65, 65, 1, 2.67%, 3, 0, 2, 92.80, 19810, 1334
210, 0, 0, 65, 65, 1, 2.67%, 3, 0, 2, 92.48, 20267, 1334
215, 0, 0, 65, 65, 1, 2.67%, 3, 0, 2, 106.03, 20731, 1334
220, 0, 0, 65, 65, 1, 2.67%, 3, 0, 2, 89.30, 21174, 1334
225, 0, 0, 65, 65, 1, 2.67%, 3, 0, 2, 91.44, 21625, 1334
230, 0, 0, 65, 65, 1, 2.67%, 3, 0, 2, 83.45, 22063, 1334
235, 0, 0, 65, 65, 1, 2.67%, 3, 0, 2, 91.10, 22520, 1334
241, 0, 0, 65, 65, 1, 2.67%, 3, 0, 2, 85.12, 22944, 1334
246, 0, 0, 65, 65, 1, 2.67%, 3, 0, 2, 82.31, 23369, 1334
251, 0, 0, 65, 65, 1, 2.67%, 3, 0, 2, 95.94, 23827, 1334
256, 0, 0, 66, 66, 1, 2.68%, 3, 0, 2, 87.17, 24264, 1337
261, 0, 0, 66, 66, 1, 2.68%, 3, 0, 2, 90.50, 24740, 1337
266, 0, 0, 67, 67, 1, 2.68%, 3, 0, 2, 93.00, 25205, 1338
271, 0, 0, 67, 67, 1, 2.68%, 3, 0, 2, 82.53, 25620, 1338
276, 0, 0, 67, 67, 1, 2.68%, 3, 0, 2, 88.80, 26076, 1338
282, 0, 0, 67, 67, 1, 2.68%, 3, 0, 2, 94.50, 26503, 1338
287, 0, 0, 67, 67, 1, 2.68%, 3, 0, 2, 85.18, 26924, 1338
292, 0, 0, 67, 67, 1, 2.68%, 3, 0, 2, 83.13, 27349, 1338
297, 0, 0, 67, 67, 1, 2.68%, 3, 0, 2, 89.36, 27792, 1338
302, 0, 0, 67, 67, 1, 2.68%, 3, 0, 2, 85.97, 28245, 1338
307, 0, 0, 68, 68, 1, 2.68%, 3, 0, 2, 90.21, 28710, 1338
312, 0, 0, 68, 68, 1, 2.68%, 3, 0, 2, 86.55, 29134, 1338
317, 0, 0, 68, 68, 1, 2.68%, 3, 0, 2, 93.63, 29611, 1338
322, 0, 0, 68, 68, 1, 2.68%, 3, 0, 2, 87.20, 30068, 1338
327, 0, 0, 68, 68, 1, 2.68%, 3, 0, 2, 92.77, 30527, 1338
332, 0, 0, 68, 68, 1, 2.68%, 3, 0, 2, 87.94, 30958, 1338
338, 0, 0, 68, 68, 1, 2.68%, 3, 0, 2, 95.15, 31455, 1338
343, 0, 0, 68, 68, 1, 2.68%, 3, 0, 2, 88.85, 31895, 1338
348, 0, 0, 68, 68, 1, 2.68%, 3, 0, 2, 94.47, 32380, 1338
353, 0, 0, 68, 68, 1, 2.68%, 3, 0, 2, 89.16, 32824, 1338
358, 0, 0, 69, 69, 1, 2.68%, 3, 0, 2, 89.55, 33271, 1339
363, 0, 0, 69, 69, 1, 2.68%, 3, 0, 2, 86.09, 33696, 1339
368, 0, 0, 69, 69, 1, 2.68%, 3, 0, 2, 78.34, 34095, 1339
373, 0, 0, 69, 69, 1, 2.68%, 3, 0, 2, 80.35, 34475, 1339
378, 0, 0, 70, 70, 1, 2.68%, 3, 0, 2, 78.71, 34882, 1339
384, 0, 0, 70, 70, 1, 2.68%, 3, 0, 2, 81.79, 35301, 1339
389, 0, 0, 70, 70, 1, 2.68%, 3, 0, 2, 90.46, 35713, 1339
394, 0, 0, 72, 72, 1, 2.69%, 3, 0, 2, 86.04, 36139, 1340
399, 0, 0, 72, 72, 1, 2.69%, 3, 0, 2, 91.86, 36537, 1340
404, 0, 0, 72, 72, 1, 2.69%, 3, 0, 2, 77.92, 36922, 1340
409, 0, 0, 73, 73, 1, 2.69%, 3, 0, 2, 79.58, 37343, 1344
414, 0, 0, 73, 73, 1, 2.69%, 3, 0, 2, 83.25, 37767, 1344
420, 0, 0, 73, 73, 1, 2.69%, 3, 0, 2, 87.78, 38171, 1344
425, 0, 0, 73, 73, 1, 2.69%, 3, 0, 2, 87.18, 38613, 1344
430, 0, 0, 73, 73, 1, 2.69%, 3, 0, 2, 89.77, 39059, 1344
435, 0, 0, 74, 74, 1, 2.70%, 3, 0, 2, 92.08, 39520, 1345
440, 0, 0, 75, 75, 1, 2.70%, 3, 0, 2, 89.46, 39983, 1345
445, 0, 0, 75, 75, 1, 2.70%, 3, 0, 2, 84.88, 40403, 1345
450, 0, 0, 75, 75, 1, 2.70%, 3, 0, 2, 85.02, 40833, 1345
455, 0, 0, 75, 75, 1, 2.70%, 3, 0, 2, 87.74, 41291, 1345
460, 0, 0, 75, 75, 1, 2.70%, 3, 0, 2, 86.91, 41716, 1345
466, 0, 0, 75, 75, 1, 2.70%, 3, 0, 2, 82.81, 42131, 1345
471, 0, 0, 75, 75, 1, 2.70%, 3, 0, 2, 76.83, 42513, 1345
476, 0, 0, 75, 75, 1, 2.70%, 3, 0, 2, 76.24, 42890, 1345
481, 0, 0, 75, 75, 1, 2.70%, 3, 0, 2, 78.86, 43286, 1345
486, 0, 0, 75, 75, 1, 2.70%, 3, 0, 2, 77.13, 43680, 1345
491, 0, 0, 76, 76, 1, 2.70%, 3, 0, 2, 78.60, 44088, 1345
496, 0, 0, 76, 76, 1, 2.70%, 3, 0, 2, 79.17, 44474, 1345
501, 0, 0, 76, 76, 1, 2.70%, 3, 0, 2, 74.39, 44845, 1345
506, 0, 0, 76, 76, 1, 2.70%, 3, 0, 2, 77.06, 45230, 1345
511, 0, 0, 76, 76, 1, 2.70%, 3, 0, 2, 81.18, 45647, 1345
516, 0, 0, 76, 76, 1, 2.70%, 3, 0, 2, 78.45, 46045, 1345
521, 0, 0, 76, 76, 1, 2.70%, 3, 0, 2, 80.29, 46449, 1345
526, 0, 0, 76, 76, 1, 2.70%, 3, 0, 2, 86.48, 46872, 1345
532, 0, 0, 77, 77, 1, 2.70%, 4, 0, 2, 99.38, 47492, 1346
537, 0, 0, 77, 77, 1, 2.70%, 4, 0, 2, 82.99, 47896, 1346
542, 0, 0, 77, 77, 1, 2.70%, 4, 0, 2, 80.81, 48293, 1346
547, 0, 0, 77, 77, 1, 2.70%, 4, 0, 2, 80.01, 48700, 1346
552, 0, 0, 77, 77, 1, 2.70%, 4, 0, 2, 20.82, 49079, 1346
557, 0, 0, 77, 77, 1, 2.70%, 4, 0, 2, 67.71, 49485, 1346
562, 0, 0, 77, 77, 1, 2.70%, 4, 0, 2, 74.05, 49872, 1346
567, 0, 0, 77, 77, 1, 2.70%, 4, 0, 2, 73.69, 50251, 1346
572, 0, 0, 78, 78, 1, 2.71%, 4, 0, 2, 77.87, 50631, 1350
577, 0, 0, 79, 79, 1, 2.71%, 4, 0, 2, 85.90, 51138, 1351
583, 0, 0, 79, 79, 1, 2.71%, 4, 0, 2, 81.45, 51546, 1351
588, 0, 0, 79, 79, 1, 2.71%, 4, 0, 2, 79.66, 51958, 1351
593, 0, 0, 79, 79, 1, 2.71%, 4, 0, 2, 78.96, 52343, 1351
598, 0, 0, 79, 79, 1, 2.71%, 4, 0, 2, 79.96, 52738, 1351
603, 0, 0, 79, 79, 1, 2.71%, 4, 0, 2, 76.89, 53118, 1351
608, 0, 0, 80, 80, 1, 2.72%, 4, 0, 2, 80.26, 53546, 1355
613, 0, 0, 80, 80, 1, 2.72%, 4, 0, 2, 74.93, 53928, 1355
618, 0, 0, 80, 80, 1, 2.72%, 4, 0, 2, 77.44, 54336, 1355
623, 0, 0, 80, 80, 1, 2.72%, 4, 0, 2, 71.35, 54704, 1355
629, 0, 0, 82, 82, 1, 2.73%, 4, 0, 2, 93.29, 55210, 1364
634, 0, 0, 82, 82, 1, 2.73%, 4, 0, 2, 80.01, 55602, 1364
639, 0, 0, 82, 82, 1, 2.73%, 4, 0, 2, 77.43, 55989, 1364
644, 0, 0, 83, 83, 1, 2.74%, 4, 0, 2, 91.08, 56502, 1365
649, 0, 0, 83, 83, 1, 2.74%, 4, 0, 2, 81.89, 56907, 1365
654, 0, 0, 83, 83, 1, 2.74%, 4, 0, 2, 81.36, 57312, 1365
659, 0, 0, 83, 83, 1, 2.74%, 4, 0, 2, 75.18, 57694, 1365
664, 0, 0, 83, 83, 1, 2.74%, 4, 0, 2, 77.03, 58088, 1365
670, 0, 0, 83, 83, 1, 2.74%, 4, 0, 2, 72.54, 58452, 1365
675, 0, 0, 83, 83, 1, 2.74%, 4, 0, 2, 75.25, 58852, 1365
680, 0, 0, 83, 83, 1, 2.74%, 4, 0, 2, 74.04, 59221, 1365
685, 0, 0, 83, 83, 1, 2.74%, 4, 0, 2, 74.98, 59615, 1365
690, 0, 0, 83, 83, 1, 2.74%, 4, 0, 2, 74.23, 59993, 1365
695, 0, 0, 83, 83, 1, 2.74%, 4, 0, 2, 75.57, 60391, 1365
700, 0, 0, 83, 83, 1, 2.74%, 4, 0, 2, 87.28, 60900, 1365
705, 0, 0, 83, 83, 1, 2.74%, 4, 0, 2, 77.03, 61286, 1365
711, 0, 0, 83, 83, 1, 2.74%, 4, 0, 2, 99.31, 61752, 1365
716, 0, 0, 83, 83, 1, 2.74%, 4, 0, 2, 77.76, 62127, 1365
721, 0, 0, 83, 83, 1, 2.74%, 4, 0, 2, 77.40, 62542, 1365
726, 0, 0, 83, 83, 1, 2.74%, 4, 0, 2, 78.68, 62958, 1365
731, 0, 0, 83, 83, 1, 2.74%, 4, 0, 2, 72.70, 63340, 1365
736, 0, 0, 83, 83, 1, 2.74%, 4, 0, 2, 72.68, 63722, 1365
741, 0, 0, 83, 83, 1, 2.74%, 4, 0, 2, 78.04, 64134, 1365
746, 0, 0, 83, 83, 1, 2.74%, 4, 0, 2, 78.62, 64548, 1365
751, 0, 0, 83, 83, 1, 2.74%, 4, 0, 2, 74.43, 64922, 1365
757, 0, 0, 83, 83, 1, 2.74%, 4, 0, 2, 68.14, 65278, 1365
762, 0, 0, 83, 83, 1, 2.74%, 4, 0, 2, 75.54, 65669, 1365
767, 0, 0, 83, 83, 1, 2.74%, 4, 0, 2, 100.95, 66182, 1365
772, 0, 0, 83, 83, 1, 2.74%, 4, 0, 2, 83.28, 66595, 1365
777, 0, 0, 83, 83, 1, 2.74%, 4, 0, 2, 76.82, 66982, 1365
782, 0, 0, 83, 83, 1, 2.74%, 4, 0, 2, 99.70, 67490, 1365
787, 0, 0, 83, 83, 1, 2.74%, 4, 0, 2, 81.24, 67898, 1365
792, 0, 0, 83, 83, 1, 2.74%, 4, 0, 2, 81.38, 68315, 1365
797, 0, 0, 83, 83, 1, 2.74%, 4, 0, 2, 88.75, 68823, 1365
802, 0, 0, 83, 83, 1, 2.74%, 4, 0, 2, 82.74, 69231, 1365
807, 0, 0, 83, 83, 1, 2.74%, 4, 0, 2, 82.38, 69645, 1365
813, 0, 0, 83, 83, 1, 2.74%, 4, 0, 2, 77.29, 70054, 1365
818, 0, 0, 83, 83, 1, 2.74%, 4, 0, 2, 77.42, 70441, 1365
823, 0, 0, 83, 83, 1, 2.74%, 4, 0, 2, 76.49, 70817, 1365
828, 0, 0, 83, 83, 1, 2.74%, 4, 0, 2, 74.93, 71204, 1365
833, 0, 0, 83, 83, 1, 2.74%, 4, 0, 2, 77.43, 71584, 1365
838, 0, 0, 83, 83, 1, 2.74%, 4, 0, 2, 78.52, 71984, 1365
843, 0, 0, 83, 83, 1, 2.74%, 4, 0, 2, 79.59, 72402, 1365
848, 0, 0, 83, 83, 1, 2.74%, 4, 0, 2, 77.99, 72789, 1365
853, 0, 0, 83, 83, 1, 2.74%, 4, 0, 2, 88.22, 73230, 1365
858, 0, 0, 83, 83, 1, 2.74%, 4, 0, 2, 87.85, 73625, 1365
863, 0, 0, 83, 83, 1, 2.74%, 4, 0, 2, 75.66, 73979, 1365
868, 0, 0, 83, 83, 1, 2.74%, 4, 0, 2, 97.32, 74447, 1365
873, 0, 0, 83, 83, 1, 2.74%, 4, 0, 2, 84.84, 74850, 1365
878, 0, 0, 83, 83, 1, 2.74%, 4, 0, 2, 75.91, 75219, 1365
883, 0, 0, 83, 83, 1, 2.74%, 4, 0, 2, 90.09, 75694, 1365
889, 0, 0, 83, 83, 1, 2.74%, 4, 0, 2, 74.46, 76058, 1365
894, 0, 0, 83, 83, 1, 2.74%, 4, 0, 2, 79.58, 76460, 1365
899, 0, 0, 83, 83, 1, 2.74%, 4, 0, 2, 77.41, 76855, 1365
904, 0, 0, 83, 83, 1, 2.74%, 4, 0, 2, 78.77, 77255, 1365
909, 0, 0, 83, 83, 1, 2.74%, 4, 0, 2, 77.73, 77658, 1365
914, 0, 0, 83, 83, 1, 2.74%, 4, 0, 2, 76.50, 78057, 1365
919, 0, 0, 83, 83, 1, 2.74%, 4, 0, 2, 77.26, 78462, 1365
925, 0, 0, 83, 83, 1, 2.74%, 4, 0, 2, 77.95, 78869, 1365
930, 0, 0, 83, 83, 1, 2.74%, 4, 0, 2, 79.54, 79268, 1365
935, 0, 0, 83, 83, 1, 2.74%, 4, 0, 2, 87.05, 79740, 1365
940, 0, 0, 83, 83, 1, 2.74%, 4, 0, 2, 76.97, 80127, 1365
945, 0, 0, 83, 83, 1, 2.74%, 4, 0, 2, 78.61, 80525, 1365
950, 0, 0, 83, 83, 1, 2.74%, 4, 0, 2, 84.19, 80990, 1365
955, 0, 0, 83, 83, 1, 2.74%, 4, 0, 2, 79.69, 81376, 1365
960, 0, 0, 83, 83, 1, 2.74%, 4, 0, 2, 74.04, 81752, 1365
965, 0, 0, 83, 83, 1, 2.74%, 4, 0, 2, 74.75, 82135, 1365
971, 0, 0, 83, 83, 1, 2.74%, 4, 0, 2, 81.86, 82569, 1365
976, 0, 0, 83, 83, 1, 2.74%, 4, 0, 2, 78.16, 82957, 1365
981, 0, 0, 83, 83, 1, 2.74%, 4, 0, 2, 72.61, 83300, 1365
986, 0, 0, 83, 83, 1, 2.74%, 4, 0, 2, 75.30, 83688, 1365
991, 0, 0, 83, 83, 1, 2.74%, 4, 0, 2, 79.09, 84091, 1365
996, 0, 0, 83, 83, 1, 2.74%, 4, 0, 2, 85.62, 84498, 1365
1001, 0, 0, 83, 83, 1, 2.74%, 4, 0, 2, 73.69, 84869, 1365
1006, 0, 0, 83, 83, 1, 2.74%, 4, 0, 2, 84.00, 85281, 1365
1012, 0, 0, 83, 83, 1, 2.74%, 4, 0, 2, 79.04, 85741, 1365
1017, 0, 0, 83, 83, 1, 2.74%, 4, 0, 2, 77.97, 86135, 1365
1022, 0, 0, 83, 83, 1, 2.74%, 4, 0, 2, 90.96, 86583, 1365
1027, 0, 0, 83, 83, 1, 2.74%, 4, 0, 2, 82.79, 87013, 1365
1032, 0, 0, 83, 83, 1, 2.74%, 4, 0, 2, 79.66, 87397, 1365
1037, 0, 0, 83, 83, 1, 2.74%, 4, 0, 2, 104.35, 87912, 1365
1042, 0, 0, 83, 83, 1, 2.74%, 4, 0, 2, 87.67, 88339, 1365
1047, 0, 0, 83, 83, 1, 2.74%, 4, 0, 2, 83.24, 88773, 1365
1052, 0, 0, 83, 83, 1, 2.74%, 4, 0, 2, 84.36, 89200, 1365
1058, 0, 0, 83, 83, 1, 2.74%, 4, 0, 2, 86.73, 89649, 1365
1063, 0, 0, 83, 83, 1, 2.74%, 4, 0, 2, 83.70, 90086, 1365
1068, 0, 0, 83, 83, 1, 2.74%, 4, 0, 2, 81.02, 90492, 1365
1073, 0, 0, 83, 83, 1, 2.74%, 4, 0, 2, 78.04, 90901, 1365
1078, 0, 0, 83, 83, 1, 2.74%, 4, 0, 2, 76.39, 91290, 1365
1083, 0, 0, 83, 83, 1, 2.74%, 4, 0, 2, 74.90, 91675, 1365
1088, 0, 0, 83, 83, 1, 2.74%, 4, 0, 2, 100.48, 92168, 1365
1093, 0, 0, 83, 83, 1, 2.74%, 4, 0, 2, 95.95, 92576, 1365
1099, 0, 0, 83, 83, 1, 2.74%, 4, 0, 2, 78.81, 92966, 1365
1104, 0, 0, 83, 83, 1, 2.74%, 4, 0, 2, 91.67, 93430, 1365
1109, 0, 0, 83, 83, 1, 2.74%, 4, 0, 2, 77.45, 93802, 1365
1114, 0, 0, 83, 83, 1, 2.74%, 4, 0, 2, 81.32, 94164, 1365
1119, 0, 0, 83, 83, 1, 2.74%, 4, 0, 2, 77.49, 94538, 1365
1124, 0, 0, 83, 83, 1, 2.74%, 4, 0, 2, 75.24, 94921, 1365
1129, 0, 0, 83, 83, 1, 2.74%, 4, 0, 2, 72.49, 95274, 1365
1134, 0, 0, 83, 83, 1, 2.74%, 4, 0, 2, 72.12, 95635, 1365
1139, 0, 0, 83, 83, 1, 2.74%, 4, 0, 2, 73.12, 95997, 1365
1144, 0, 0, 83, 83, 1, 2.74%, 4, 0, 2, 80.72, 96420, 1365
1149, 0, 0, 83, 83, 1, 2.74%, 4, 0, 2, 78.52, 96812, 1365
1154, 0, 0, 83, 83, 1, 2.74%, 4, 0, 2, 73.34, 97184, 1365
1159, 0, 0, 83, 83, 1, 2.74%, 4, 0, 2, 79.07, 97591, 1365
1165, 0, 0, 83, 83, 1, 2.74%, 4, 0, 2, 69.45, 97964, 1365
1170, 0, 0, 83, 83, 1, 2.74%, 4, 0, 2, 86.94, 98460, 1365
1175, 0, 0, 83, 83, 1, 2.74%, 4, 0, 2, 90.77, 98852, 1365
1180, 0, 0, 83, 83, 1, 2.74%, 4, 0, 2, 112.97, 99360, 1365
1185, 0, 0, 83, 83, 1, 2.74%, 4, 0, 2, 86.28, 99764, 1365
1190, 0, 0, 83, 83, 1, 2.74%, 4, 0, 2, 94.18, 100174, 1365
1195, 0, 0, 83, 83, 1, 2.74%, 4, 0, 2, 84.53, 100580, 1365
1200, 0, 0, 83, 83, 1, 2.74%, 4, 0, 2, 75.29, 100944, 1365
1205, 0, 0, 83, 83, 1, 2.74%, 4, 0, 2, 71.11, 101309, 1365
1210, 0, 0, 83, 83, 1, 2.74%, 4, 0, 2, 73.65, 101680, 1365
1215, 0, 0, 83, 83, 1, 2.74%, 4, 0, 2, 54.57, 101946, 1365
1220, 0, 0, 83, 83, 1, 2.74%, 4, 0, 2, 77.89, 102359, 1365
1225, 0, 0, 83, 83, 1, 2.74%, 4, 0, 2, 75.14, 102760, 1365
1230, 0, 0, 83, 83, 1, 2.74%, 4, 0, 2, 73.91, 103128, 1365
1236, 0, 0, 83, 83, 1, 2.74%, 4, 0, 2, 71.76, 103482, 1365
1241, 0, 0, 83, 83, 1, 2.74%, 4, 0, 2, 96.98, 103978, 1365
1246, 0, 0, 83, 83, 1, 2.74%, 4, 0, 2, 81.50, 104370, 1365
1251, 0, 0, 83, 83, 1, 2.74%, 4, 0, 2, 78.42, 104759, 1365
1256, 0, 0, 83, 83, 1, 2.74%, 4, 0, 2, 101.97, 105242, 1365
1261, 0, 0, 83, 83, 1, 2.74%, 4, 0, 2, 76.71, 105609, 1365
1266, 0, 0, 83, 83, 1, 2.74%, 4, 0, 2, 73.57, 105981, 1365
1271, 0, 0, 83, 83, 1, 2.74%, 4, 0, 2, 96.79, 106482, 1365
1276, 0, 0, 83, 83, 1, 2.74%, 4, 0, 2, 79.10, 106859, 1365
1281, 0, 0, 83, 83, 1, 2.74%, 4, 0, 2, 77.80, 107249, 1365
1286, 0, 0, 83, 83, 1, 2.74%, 4, 0, 2, 78.55, 107663, 1365
1292, 0, 0, 83, 83, 1, 2.74%, 4, 0, 2, 78.39, 108075, 1365
1297, 0, 0, 83, 83, 1, 2.74%, 4, 0, 2, 72.01, 108442, 1365
1302, 0, 0, 83, 83, 1, 2.74%, 4, 0, 2, 75.48, 108833, 1365
1307, 0, 0, 83, 83, 1, 2.74%, 4, 0, 2, 80.13, 109266, 1365
1312, 0, 0, 83, 83, 1, 2.74%, 4, 0, 2, 86.07, 109718, 1365
1317, 0, 0, 83, 83, 1, 2.74%, 4, 0, 2, 88.94, 110157, 1365
1322, 0, 0, 83, 83, 1, 2.74%, 4, 0, 2, 110.93, 110714, 1365
1327, 0, 0, 83, 83, 1, 2.74%, 4, 0, 2, 88.87, 111136, 1365
1332, 0, 0, 83, 83, 1, 2.74%, 4, 0, 2, 71.52, 111455, 1365
1338, 0, 0, 83, 83, 1, 2.74%, 4, 0, 2, 80.28, 111864, 1365
1343, 0, 0, 83, 83, 1, 2.74%, 4, 0, 2, 80.21, 112306, 1365
1348, 0, 0, 83, 83, 1, 2.74%, 4, 0, 2, 76.61, 112679, 1365
1353, 0, 0, 83, 83, 1, 2.74%, 4, 0, 2, 74.47, 113056, 1365
1358, 0, 0, 83, 83, 1, 2.74%, 4, 0, 2, 98.42, 113445, 1365
1363, 0, 0, 83, 83, 1, 2.74%, 4, 0, 2, 73.75, 113812, 1365
1368, 0, 0, 83, 83, 1, 2.74%, 4, 0, 2, 75.05, 114182, 1365
1373, 0, 0, 83, 83, 1, 2.74%, 4, 0, 2, 82.81, 114622, 1365
1378, 0, 0, 83, 83, 1, 2.74%, 4, 0, 2, 85.97, 115051, 1365
1383, 0, 0, 83, 83, 1, 2.74%, 4, 0, 2, 84.82, 115458, 1365
1389, 0, 0, 83, 83, 1, 2.74%, 4, 0, 2, 77.18, 115858, 1365
1394, 0, 0, 83, 83, 1, 2.74%, 4, 0, 2, 75.67, 116239, 1365
1399, 0, 0, 83, 83, 1, 2.74%, 4, 0, 2, 77.57, 116640, 1365
1404, 0, 0, 83, 83, 1, 2.74%, 4, 0, 2, 74.21, 117015, 1365
1409, 0, 0, 83, 83, 1, 2.74%, 4, 0, 2, 74.18, 117389, 1365
1414, 0, 0, 83, 83, 1, 2.74%, 4, 0, 2, 84.35, 117787, 1365
1419, 0, 0, 83, 83, 1, 2.74%, 4, 0, 2, 78.52, 118182, 1365
1424, 0, 0, 83, 83, 1, 2.74%, 4, 0, 2, 80.42, 118580, 1365
1429, 0, 0, 83, 83, 1, 2.74%, 4, 0, 2, 82.78, 119010, 1365
1435, 0, 0, 83, 83, 1, 2.74%, 4, 0, 2, 75.52, 119398, 1365
1440, 0, 0, 83, 83, 1, 2.74%, 4, 0, 2, 79.05, 119816, 1365
1445, 0, 0, 83, 83, 1, 2.74%, 4, 0, 2, 75.77, 120204, 1365
1450, 0, 0, 83, 83, 1, 2.74%, 4, 0, 2, 87.94, 120655, 1365
1455, 0, 0, 83, 83, 1, 2.74%, 4, 0, 2, 80.68, 121059, 1365
1460, 0, 0, 83, 83, 1, 2.74%, 4, 0, 2, 80.04, 121478, 1365
1465, 0, 0, 83, 83, 1, 2.74%, 4, 0, 2, 84.91, 121903, 1365
1471, 0, 0, 83, 83, 1, 2.74%, 4, 0, 2, 88.85, 122309, 1365
1476, 0, 0, 83, 83, 1, 2.74%, 4, 0, 2, 83.34, 122727, 1365
1481, 0, 0, 83, 83, 1, 2.74%, 4, 0, 2, 101.45, 123146, 1365
1486, 0, 0, 83, 83, 1, 2.74%, 4, 0, 2, 86.46, 123560, 1365
1491, 0, 0, 83, 83, 1, 2.74%, 4, 0, 2, 81.40, 123948, 1365
1496, 0, 0, 83, 83, 1, 2.74%, 4, 0, 2, 83.15, 124376, 1365
1501, 0, 0, 83, 83, 1, 2.74%, 4, 0, 2, 77.69, 124769, 1365
1506, 0, 0, 83, 83, 1, 2.74%, 4, 0, 2, 72.97, 125114, 1365
1511, 0, 0, 83, 83, 1, 2.74%, 4, 0, 2, 81.29, 125554, 1365
1516, 0, 0, 83, 83, 1, 2.74%, 4, 0, 2, 83.06, 125985, 1365
1521, 0, 0, 83, 83, 1, 2.74%, 4, 0, 2, 76.98, 126359, 1365
1527, 0, 0, 83, 83, 1, 2.74%, 4, 0, 2, 80.66, 126772, 1365
1532, 0, 0, 83, 83, 1, 2.74%, 4, 0, 2, 75.63, 127159, 1365
1537, 0, 0, 83, 83, 1, 2.74%, 4, 0, 2, 77.75, 127553, 1365
1542, 0, 0, 83, 83, 1, 2.74%, 4, 0, 2, 76.15, 127955, 1365
1547, 0, 0, 83, 83, 1, 2.74%, 4, 0, 2, 82.47, 128375, 1365
1552, 0, 0, 83, 83, 1, 2.74%, 4, 0, 2, 79.43, 128773, 1365
1557, 0, 0, 83, 83, 1, 2.74%, 4, 0, 2, 81.29, 129188, 1365
1562, 0, 0, 83, 83, 1, 2.74%, 4, 0, 2, 105.19, 129728, 1365
1568, 0, 0, 83, 83, 1, 2.74%, 4, 0, 2, 83.34, 130120, 1365
1573, 0, 0, 83, 83, 1, 2.74%, 4, 0, 2, 74.22, 130484, 1365
1578, 0, 0, 83, 83, 1, 2.74%, 4, 0, 2, 86.49, 130879, 1365
1583, 0, 0, 83, 83, 1, 2.74%, 4, 0, 2, 82.35, 131285, 1365
1588, 0, 0, 83, 83, 1, 2.74%, 4, 0, 2, 82.88, 131733, 1365
1593, 0, 0, 83, 83, 1, 2.74%, 4, 0, 2, 78.82, 132123, 1365
1598, 0, 0, 83, 83, 1, 2.74%, 4, 0, 2, 81.73, 132521, 1365
1603, 0, 0, 83, 83, 1, 2.74%, 4, 0, 2, 100.93, 132914, 1365
1608, 0, 0, 83, 83, 1, 2.74%, 4, 0, 2, 79.65, 133273, 1365
1613, 0, 0, 83, 83, 1, 2.74%, 4, 0, 2, 86.10, 133718, 1365
1618, 0, 0, 83, 83, 1, 2.74%, 4, 0, 2, 95.63, 134206, 1365
1623, 0, 0, 83, 83, 1, 2.74%, 4, 0, 2, 86.77, 134642, 1365
1629, 0, 0, 83, 83, 1, 2.74%, 4, 0, 2, 79.06, 135045, 1365
1634, 0, 0, 83, 83, 1, 2.74%, 4, 0, 2, 81.90, 135452, 1365
1639, 0, 0, 83, 83, 1, 2.74%, 4, 0, 2, 76.22, 135827, 1365
1644, 0, 0, 83, 83, 1, 2.74%, 4, 0, 2, 95.21, 136317, 1365
1649, 0, 0, 83, 83, 1, 2.74%, 4, 0, 2, 95.46, 136780, 1365
1654, 0, 0, 83, 83, 1, 2.74%, 4, 0, 2, 87.40, 137207, 1365
1659, 0, 0, 83, 83, 1, 2.74%, 4, 0, 2, 85.42, 137632, 1365
1664, 0, 0, 83, 83, 1, 2.74%, 4, 0, 2, 87.41, 138068, 1365
1669, 0, 0, 83, 83, 1, 2.74%, 4, 0, 2, 86.41, 138500, 1365
1674, 0, 0, 83, 83, 1, 2.74%, 4, 0, 2, 87.16, 138924, 1365
1679, 0, 0, 83, 83, 1, 2.74%, 4, 0, 2, 85.98, 139372, 1365
1685, 0, 0, 83, 83, 1, 2.74%, 4, 0, 2, 88.62, 139847, 1365
1690, 0, 0, 83, 83, 1, 2.74%, 4, 0, 2, 90.41, 140307, 1365
1695, 0, 0, 83, 83, 1, 2.74%, 4, 0, 2, 82.79, 140706, 1365
1700, 0, 0, 83, 83, 1, 2.74%, 4, 0, 2, 77.85, 141096, 1365
1705, 0, 0, 83, 83, 1, 2.74%, 4, 0, 2, 77.79, 141486, 1365
1710, 0, 0, 83, 83, 1, 2.74%, 4, 0, 2, 76.80, 141893, 1365
1715, 0, 0, 83, 83, 1, 2.74%, 4, 0, 2, 78.95, 142283, 1365
1721, 0, 0, 83, 83, 1, 2.74%, 4, 0, 2, 75.48, 142681, 1365
1726, 0, 0, 83, 83, 1, 2.74%, 4, 0, 2, 86.99, 143131, 1365
1731, 0, 0, 83, 83, 1, 2.74%, 4, 0, 2, 78.54, 143534, 1365
1736, 0, 0, 83, 83, 1, 2.74%, 4, 0, 2, 82.06, 143972, 1365
1741, 0, 0, 83, 83, 1, 2.74%, 4, 0, 2, 76.96, 144353, 1365
1746, 0, 0, 83, 83, 1, 2.74%, 4, 0, 2, 112.55, 144738, 1365
1751, 0, 0, 83, 83, 1, 2.74%, 4, 0, 2, 86.35, 145150, 1365
1757, 0, 0, 83, 83, 1, 2.74%, 4, 0, 2, 81.13, 145560, 1365
1762, 0, 0, 83, 83, 1, 2.74%, 4, 0, 2, 83.63, 146007, 1365
1767, 0, 0, 83, 83, 1, 2.74%, 4, 0, 2, 85.93, 146445, 1365
1772, 0, 0, 83, 83, 1, 2.74%, 4, 0, 2, 78.13, 146828, 1365
1777, 0, 0, 83, 83, 1, 2.74%, 4, 0, 2, 76.15, 147210, 1365
1782, 0, 0, 83, 83, 1, 2.74%, 4, 0, 2, 69.43, 147566, 1365
1787, 0, 0, 83, 83, 1, 2.74%, 4, 0, 2, 76.56, 147962, 1365
1792, 0, 0, 83, 83, 1, 2.74%, 4, 0, 2, 76.34, 148357, 1365
1797, 0, 0, 83, 83, 1, 2.74%, 4, 0, 2, 85.58, 148809, 1365
1802, 0, 0, 83, 83, 1, 2.74%, 4, 0, 2, 89.86, 149254, 1365
1807, 0, 0, 83, 83, 1, 2.74%, 4, 0, 2, 80.63, 149653, 1365
1813, 0, 0, 83, 83, 1, 2.74%, 4, 0, 2, 84.97, 150105, 1365
1818, 0, 0, 83, 83, 1, 2.74%, 4, 0, 2, 76.96, 150498, 1365
1823, 0, 0, 83, 83, 1, 2.74%, 4, 0, 2, 77.47, 150901, 1365
1828, 0, 0, 83, 83, 1, 2.74%, 4, 0, 2, 79.73, 151307, 1365
1833, 0, 0, 83, 83, 1, 2.74%, 4, 0, 2, 79.99, 151709, 1365
1838, 0, 0, 83, 83, 1, 2.74%, 4, 0, 2, 82.19, 152158, 1365
1843, 0, 0, 83, 83, 1, 2.74%, 4, 0, 2, 88.33, 152599, 1365
1848, 0, 0, 83, 83, 1, 2.74%, 4, 0, 2, 78.00, 152998, 1365
1853, 0, 0, 83, 83, 1, 2.74%, 4, 0, 2, 73.41, 153362, 1365
1858, 0, 0, 83, 83, 1, 2.74%, 4, 0, 2, 68.59, 153703, 1365
1863, 0, 0, 83, 83, 1, 2.74%, 4, 0, 2, 77.34, 154101, 1365
1868, 0, 0, 83, 83, 1, 2.74%, 4, 0, 2, 78.82, 154492, 1365
1873, 0, 0, 83, 83, 1, 2.74%, 4, 0, 2, 88.00, 154937, 1365
1879, 0, 0, 83, 83, 1, 2.74%, 4, 0, 2, 85.61, 155358, 1365
1884, 0, 0, 83, 83, 1, 2.74%, 4, 0, 2, 86.25, 155819, 1365
1889, 0, 0, 83, 83, 1, 2.74%, 4, 0, 2, 86.92, 156265, 1365
1894, 0, 0, 83, 83, 1, 2.74%, 4, 0, 2, 83.34, 156690, 1365
1899, 0, 0, 83, 83, 1, 2.74%, 4, 0, 2, 85.70, 157131, 1365
1904, 0, 0, 83, 83, 1, 2.74%, 4, 0, 2, 85.55, 157568, 1365
1909, 0, 0, 83, 83, 1, 2.74%, 4, 0, 2, 92.09, 158049, 1365
1914, 0, 0, 83, 83, 1, 2.74%, 4, 0, 2, 96.34, 158535, 1365
1919, 0, 0, 83, 83, 1, 2.74%, 4, 0, 2, 94.95, 159017, 1365
1924, 0, 0, 83, 83, 1, 2.74%, 4, 0, 2, 87.73, 159449, 1365
1930, 0, 0, 83, 83, 1, 2.74%, 4, 0, 2, 86.29, 159885, 1365
1935, 0, 0, 83, 83, 1, 2.74%, 4, 0, 2, 82.40, 160289, 1365
1940, 0, 0, 83, 83, 1, 2.74%, 4, 0, 2, 81.81, 160692, 1365
1945, 0, 0, 83, 83, 1, 2.74%, 4, 0, 2, 97.84, 161208, 1365
1950, 0, 0, 83, 83, 1, 2.74%, 4, 0, 2, 89.54, 161650, 1365
1955, 0, 0, 83, 83, 1, 2.74%, 4, 0, 2, 87.84, 162084, 1365
1960, 0, 0, 83, 83, 1, 2.74%, 4, 0, 2, 87.93, 162536, 1365
1965, 0, 0, 83, 83, 1, 2.74%, 4, 0, 2, 89.10, 163001, 1365
1970, 0, 0, 83, 83, 1, 2.74%, 4, 0, 2, 90.68, 163432, 1365
1975, 0, 0, 83, 83, 1, 2.74%, 4, 0, 2, 85.09, 163857, 1365
1981, 0, 0, 83, 83, 1, 2.74%, 4, 0, 2, 82.86, 164259, 1365
1986, 0, 0, 83, 83, 1, 2.74%, 4, 0, 2, 80.58, 164670, 1365
1991, 0, 0, 83, 83, 1, 2.74%, 4, 0, 2, 79.91, 165073, 1365
1996, 0, 0, 83, 83, 1, 2.74%, 4, 0, 2, 77.36, 165469, 1365
2001, 0, 0, 83, 83, 1, 2.74%, 4, 0, 2, 79.50, 165888, 1365
2006, 0, 0, 83, 83, 1, 2.74%, 4, 0, 2, 73.81, 166239, 1365
2011, 0, 0, 83, 83, 1, 2.74%, 4, 0, 2, 74.48, 166612, 1365
2016, 0, 0, 83, 83, 1, 2.74%, 4, 0, 2, 79.07, 167018, 1365
2021, 0, 0, 83, 83, 1, 2.74%, 4, 0, 2, 80.24, 167420, 1365
2026, 0, 0, 83, 83, 1, 2.74%, 4, 0, 2, 85.19, 167845, 1365
2032, 0, 0, 83, 83, 1, 2.74%, 4, 0, 2, 75.95, 168230, 1365
2037, 0, 0, 83, 83, 1, 2.74%, 4, 0, 2, 83.88, 168671, 1365
2042, 0, 0, 83, 83, 1, 2.74%, 4, 0, 2, 117.86, 169356, 1365
2047, 0, 0, 83, 83, 1, 2.74%, 4, 0, 2, 88.69, 169764, 1365
2052, 0, 0, 83, 83, 1, 2.74%, 4, 0, 2, 80.57, 170179, 1365
2057, 0, 0, 83, 83, 1, 2.74%, 4, 0, 2, 78.66, 170584, 1365
2062, 0, 0, 83, 83, 1, 2.74%, 4, 0, 2, 72.56, 170941, 1365
2067, 0, 0, 83, 83, 1, 2.74%, 4, 0, 2, 78.61, 171353, 1365
2072, 0, 0, 83, 83, 1, 2.74%, 4, 0, 2, 86.69, 171796, 1365
2077, 0, 0, 83, 83, 1, 2.74%, 4, 0, 2, 90.99, 172284, 1365
2082, 0, 0, 83, 83, 1, 2.74%, 4, 0, 2, 83.19, 172697, 1365
2087, 0, 0, 83, 83, 1, 2.74%, 4, 0, 2, 76.78, 173082, 1365
2092, 0, 0, 83, 83, 1, 2.74%, 4, 0, 2, 76.87, 173462, 1365
2097, 0, 0, 83, 83, 1, 2.74%, 4, 0, 2, 79.81, 173868, 1365
2102, 0, 0, 83, 83, 1, 2.74%, 4, 0, 2, 78.68, 174266, 1365
2107, 0, 0, 83, 83, 1, 2.74%, 4, 0, 2, 77.11, 174673, 1365
2113, 0, 0, 83, 83, 1, 2.74%, 4, 0, 2, 74.26, 175058, 1365
2118, 0, 0, 83, 83, 1, 2.74%, 4, 0, 2, 86.41, 175509, 1365
2123, 0, 0, 83, 83, 1, 2.74%, 4, 0, 2, 82.89, 175930, 1365
2128, 0, 0, 83, 83, 1, 2.74%, 4, 0, 2, 93.11, 176409, 1365
2133, 0, 0, 83, 83, 1, 2.74%, 4, 0, 2, 76.55, 176786, 1365
2138, 0, 0, 83, 83, 1, 2.74%, 4, 0, 2, 103.16, 177164, 1365
2143, 0, 0, 83, 83, 1, 2.74%, 4, 0, 2, 80.71, 177533, 1365
2148, 0, 0, 83, 83, 1, 2.74%, 4, 0, 2, 74.40, 177901, 1365
2153, 0, 0, 83, 83, 1, 2.74%, 4, 0, 2, 78.41, 178304, 1365
2158, 0, 0, 83, 83, 1, 2.74%, 4, 0, 2, 87.80, 178700, 1365
2163, 0, 0, 83, 83, 1, 2.74%, 4, 0, 2, 78.08, 179105, 1365
2169, 0, 0, 83, 83, 1, 2.74%, 4, 0, 2, 74.51, 179486, 1365
2174, 0, 0, 83, 83, 1, 2.74%, 4, 0, 2, 85.93, 179958, 1365
2179, 0, 0, 83, 83, 1, 2.74%, 4, 0, 2, 95.05, 180364, 1365
2184, 0, 0, 83, 83, 1, 2.74%, 4, 0, 2, 92.89, 180834, 1365
2189, 0, 0, 83, 83, 1, 2.74%, 4, 0, 2, 89.94, 181288, 1365
2194, 0, 0, 83, 83, 1, 2.74%, 4, 0, 2, 83.59, 181699, 1365
2199, 0, 0, 83, 83, 1, 2.74%, 4, 0, 2, 86.07, 182140, 1365
2204, 0, 0, 83, 83, 1, 2.74%, 4, 0, 2, 87.50, 182577, 1365
2209, 0, 0, 83, 83, 1, 2.74%, 4, 0, 2, 91.99, 183039, 1365
2215, 0, 0, 83, 83, 1, 2.74%, 4, 0, 2, 87.07, 183482, 1365
2220, 0, 0, 83, 83, 1, 2.74%, 4, 0, 2, 88.94, 183919, 1365
2225, 0, 0, 83, 83, 1, 2.74%, 4, 0, 2, 93.73, 184417, 1365
2230, 0, 0, 83, 83, 1, 2.74%, 4, 0, 2, 89.93, 184846, 1365
2235, 0, 0, 83, 83, 1, 2.74%, 4, 0, 2, 90.94, 185320, 1365
2240, 0, 0, 83, 83, 1, 2.74%, 4, 0, 2, 85.52, 185756, 1365
2245, 0, 0, 83, 83, 1, 2.74%, 4, 0, 2, 86.61, 186230, 1365
2250, 0, 0, 83, 83, 1, 2.74%, 4, 0, 2, 75.27, 186598, 1365
2255, 0, 0, 83, 83, 1, 2.74%, 4, 0, 2, 70.92, 186975, 1365
2261, 0, 0, 83, 83, 1, 2.74%, 4, 0, 2, 70.11, 187334, 1365
2266, 0, 0, 83, 83, 1, 2.74%, 4, 0, 2, 93.52, 187725, 1365
2271, 0, 0, 83, 83, 1, 2.74%, 4, 0, 2, 77.42, 188104, 1365
2276, 0, 0, 83, 83, 1, 2.74%, 4, 0, 2, 78.27, 188518, 1365
2281, 0, 0, 83, 83, 1, 2.74%, 4, 0, 2, 35.37, 188898, 1365
2286, 0, 0, 83, 83, 1, 2.74%, 4, 0, 2, 72.78, 189308, 1365
2291, 0, 0, 83, 83, 1, 2.74%, 4, 0, 2, 87.74, 189783, 1365
2296, 0, 0, 83, 83, 1, 2.74%, 4, 0, 2, 83.52, 190206, 1365
2301, 0, 0, 83, 83, 1, 2.74%, 4, 0, 2, 90.19, 190648, 1365
2306, 0, 0, 83, 83, 1, 2.74%, 4, 0, 2, 70.82, 190990, 1365
2311, 0, 0, 83, 83, 1, 2.74%, 4, 0, 2, 79.62, 191391, 1365
2317, 0, 0, 83, 83, 1, 2.74%, 4, 0, 2, 82.77, 191848, 1365
2322, 0, 0, 83, 83, 1, 2.74%, 4, 0, 2, 83.52, 192258, 1365
2327, 0, 0, 83, 83, 1, 2.74%, 4, 0, 2, 76.49, 192644, 1365
2332, 0, 0, 83, 83, 1, 2.74%, 4, 0, 2, 78.69, 193031, 1365
2337, 0, 0, 83, 83, 1, 2.74%, 4, 0, 2, 81.15, 193433, 1365
2342, 0, 0, 83, 83, 1, 2.74%, 4, 0, 2, 77.53, 193827, 1365
2347, 0, 0, 83, 83, 1, 2.74%, 4, 0, 2, 78.53, 194222, 1365
2352, 0, 0, 83, 83, 1, 2.74%, 4, 0, 2, 89.05, 194661, 1365
2357, 0, 0, 83, 83, 1, 2.74%, 4, 0, 2, 84.27, 195086, 1365
2362, 0, 0, 83, 83, 1, 2.74%, 4, 0, 2, 81.58, 195495, 1365
2368, 0, 0, 83, 83, 1, 2.74%, 4, 0, 2, 86.42, 195964, 1365
2373, 0, 0, 83, 83, 1, 2.74%, 4, 0, 2, 79.15, 196362, 1365
2378, 0, 0, 83, 83, 1, 2.74%, 4, 0, 2, 76.25, 196732, 1365
2383, 0, 0, 83, 83, 1, 2.74%, 4, 0, 2, 75.46, 197114, 1365
2388, 0, 0, 83, 83, 1, 2.74%, 4, 0, 2, 76.75, 197500, 1365
2393, 0, 0, 83, 83, 1, 2.74%, 4, 0, 2, 75.06, 197865, 1365
2398, 0, 0, 83, 83, 1, 2.74%, 4, 0, 2, 78.49, 198267, 1365
2403, 0, 0, 83, 83, 1, 2.74%, 4, 0, 2, 80.27, 198663, 1365
2408, 0, 0, 83, 83, 1, 2.74%, 4, 0, 2, 85.44, 199046, 1365
2413, 0, 0, 83, 83, 1, 2.74%, 4, 0, 2, 87.70, 199512, 1365
2418, 0, 0, 83, 83, 1, 2.74%, 4, 0, 2, 84.64, 199920, 1365
2423, 0, 0, 83, 83, 1, 2.74%, 4, 0, 2, 93.73, 200363, 1365
2428, 0, 0, 83, 83, 1, 2.74%, 4, 0, 2, 73.90, 200717, 1365
2433, 0, 0, 83, 83, 1, 2.74%, 4, 0, 2, 78.26, 201116, 1365
2438, 0, 0, 83, 83, 1, 2.74%, 4, 0, 2, 89.39, 201584, 1365
2443, 0, 0, 83, 83, 1, 2.74%, 4, 0, 2, 85.05, 202006, 1365
2448, 0, 0, 83, 83, 1, 2.74%, 4, 0, 2, 81.37, 202407, 1365
2453, 0, 0, 83, 83, 1, 2.74%, 4, 0, 2, 74.19, 202776, 1365
2459, 0, 0, 83, 83, 1, 2.74%, 4, 0, 2, 84.67, 203198, 1365
2464, 0, 0, 83, 83, 1, 2.74%, 4, 0, 2, 80.52, 203613, 1365
2469, 0, 0, 83, 83, 1, 2.74%, 4, 0, 2, 76.86, 203992, 1365
2474, 0, 0, 83, 83, 1, 2.74%, 4, 0, 2, 78.52, 204384, 1365
2479, 0, 0, 83, 83, 1, 2.74%, 4, 0, 2, 88.34, 204844, 1365
2484, 0, 0, 83, 83, 1, 2.74%, 4, 0, 2, 77.98, 205242, 1365
2489, 0, 0, 83, 83, 1, 2.74%, 4, 0, 2, 87.14, 205687, 1365
2494, 0, 0, 83, 83, 1, 2.74%, 4, 0, 2, 85.00, 206108, 1365
2499, 0, 0, 83, 83, 1, 2.74%, 4, 0, 2, 78.85, 206499, 1365
2504, 0, 0, 83, 83, 1, 2.74%, 4, 0, 2, 74.13, 206857, 1365
2510, 0, 0, 83, 83, 1, 2.74%, 4, 0, 2, 76.76, 207248, 1365
2515, 0, 0, 83, 83, 1, 2.74%, 4, 0, 2, 75.40, 207624, 1365
2520, 0, 0, 83, 83, 1, 2.74%, 4, 0, 2, 79.68, 208020, 1365
2525, 0, 0, 83, 83, 1, 2.74%, 4, 0, 2, 74.87, 208384, 1365
2530, 0, 0, 83, 83, 1, 2.74%, 4, 0, 2, 72.99, 208759, 1365
2535, 0, 0, 83, 83, 1, 2.74%, 4, 0, 2, 77.46, 209135, 1365
2540, 0, 0, 83, 83, 1, 2.74%, 4, 0, 2, 88.71, 209618, 1365
2546, 0, 0, 83, 83, 1, 2.74%, 4, 0, 2, 84.17, 210042, 1365
2551, 0, 0, 83, 83, 1, 2.74%, 4, 0, 2, 87.82, 210500, 1365
2556, 0, 0, 83, 83, 1, 2.74%, 4, 0, 2, 77.54, 210884, 1365
2561, 0, 0, 83, 83, 1, 2.74%, 4, 0, 2, 57.32, 211153, 1365
2566, 0, 0, 83, 83, 1, 2.74%, 4, 0, 2, 69.23, 211506, 1365
2571, 0, 0, 83, 83, 1, 2.74%, 4, 0, 2, 68.67, 211861, 1365
2576, 0, 1, 83, 83, 1, 2.74%, 4, 0, 2, 74.55, 212245, 1365
