# relative_time, cycles_done, cur_path, paths_total, pending_total, pending_favs, map_size, unique_crashes, unique_hangs, max_depth, execs_per_sec, total_execs, edges_found
61, 0, 1, 45, 45, 9, 2.79%, 3, 0, 2, 49.56, 3117, 1394
67, 0, 1, 47, 47, 9, 2.79%, 3, 0, 2, 53.68, 3392, 1394
72, 0, 1, 48, 48, 9, 2.79%, 3, 0, 2, 52.24, 3671, 1394
77, 0, 1, 48, 48, 9, 2.79%, 3, 0, 2, 52.62, 3945, 1394
82, 0, 1, 48, 48, 9, 2.79%, 3, 0, 2, 47.95, 4191, 1394
87, 0, 1, 50, 50, 9, 2.80%, 3, 0, 2, 51.33, 4449, 1395
92, 0, 1, 50, 50, 9, 2.80%, 3, 0, 2, 50.41, 4708, 1395
97, 0, 1, 53, 53, 9, 2.80%, 3, 0, 2, 55.14, 4962, 1396
102, 0, 1, 53, 53, 9, 2.80%, 3, 0, 2, 56.58, 5258, 1396
108, 0, 1, 53, 53, 9, 2.80%, 3, 0, 2, 53.82, 5523, 1396
113, 0, 1, 53, 53, 9, 2.80%, 3, 0, 2, 52.38, 5775, 1396
118, 0, 1, 53, 53, 9, 2.80%, 3, 0, 2, 46.36, 5997, 1396
123, 0, 1, 53, 53, 9, 2.80%, 3, 0, 2, 56.47, 6283, 1396
128, 0, 1, 53, 53, 9, 2.80%, 3, 0, 2, 52.17, 6542, 1396
133, 0, 1, 53, 53, 9, 2.80%, 3, 0, 2, 48.86, 6781, 1396
138, 0, 1, 56, 56, 9, 2.80%, 3, 0, 2, 50.35, 7044, 1399
143, 0, 1, 56, 56, 9, 2.80%, 3, 0, 2, 56.92, 7323, 1399
148, 0, 1, 56, 56, 9, 2.80%, 3, 0, 2, 52.50, 7582, 1399
153, 0, 1, 56, 56, 9, 2.80%, 3, 0, 2, 33.45, 7845, 1399
158, 0, 1, 56, 56, 9, 2.80%, 3, 0, 2, 49.77, 8108, 1399
163, 0, 1, 56, 56, 9, 2.80%, 3, 0, 2, 51.20, 8361, 1399
169, 0, 1, 56, 56, 9, 2.80%, 3, 0, 2, 53.30, 8636, 1399
174, 0, 1, 56, 56, 9, 2.80%, 3, 0, 2, 51.63, 8903, 1399
179, 0, 1, 56, 56, 9, 2.80%, 3, 0, 2, 48.44, 9138, 1399
184, 0, 1, 56, 56, 9, 2.80%, 3, 0, 2, 51.37, 9414, 1399
189, 0, 1, 56, 56, 9, 2.80%, 3, 0, 2, 45.17, 9627, 1399
194, 0, 1, 56, 56, 9, 2.80%, 3, 0, 2, 43.90, 9854, 1399
199, 0, 1, 56, 56, 9, 2.80%, 3, 0, 2, 46.83, 10095, 1399
204, 0, 1, 56, 56, 9, 2.80%, 3, 0, 2, 54.04, 10356, 1399
209, 0, 1, 57, 57, 9, 2.80%, 3, 0, 2, 54.45, 10638, 1399
215, 0, 1, 58, 58, 9, 2.80%, 3, 0, 2, 53.77, 10919, 1399
220, 0, 1, 59, 59, 9, 2.81%, 3, 0, 2, 57.65, 11210, 1400
225, 0, 1, 59, 59, 9, 2.81%, 3, 0, 2, 47.26, 11431, 1400
230, 0, 1, 59, 59, 9, 2.81%, 3, 0, 2, 52.16, 11712, 1400
235, 0, 1, 59, 59, 9, 2.81%, 3, 0, 2, 52.54, 11971, 1400
240, 0, 1, 59, 59, 9, 2.81%, 3, 0, 2, 50.41, 12228, 1400
245, 0, 1, 59, 59, 9, 2.81%, 3, 0, 2, 53.51, 12502, 1400
250, 0, 1, 59, 59, 9, 2.81%, 3, 0, 2, 45.66, 12753, 1400
255, 0, 1, 59, 59, 9, 2.81%, 3, 0, 2, 55.60, 13033, 1400
260, 0, 1, 60, 60, 9, 2.81%, 3, 0, 2, 58.84, 13334, 1401
265, 0, 1, 60, 60, 9, 2.81%, 3, 0, 2, 53.13, 13593, 1401
270, 0, 1, 61, 61, 9, 2.81%, 3, 0, 2, 51.78, 13854, 1401
276, 0, 1, 61, 61, 9, 2.81%, 3, 0, 2, 53.45, 14112, 1401
281, 0, 1, 62, 62, 9, 2.81%, 3, 0, 2, 51.20, 14371, 1401
286, 0, 1, 64, 64, 9, 2.81%, 3, 0, 2, 64.80, 14703, 1402
291, 0, 1, 65, 65, 9, 2.82%, 3, 0, 2, 79.03, 15120, 1406
296, 0, 1, 66, 66, 9, 2.82%, 3, 0, 2, 71.07, 15467, 1407
301, 0, 1, 66, 66, 9, 2.82%, 3, 0, 2, 110.57, 15880, 1407
306, 0, 1, 66, 66, 9, 2.82%, 3, 0, 2, 80.04, 16258, 1407
311, 0, 1, 66, 66, 9, 2.82%, 3, 0, 2, 74.95, 16644, 1407
316, 0, 1, 67, 67, 9, 2.82%, 3, 0, 2, 74.43, 17031, 1407
321, 0, 1, 67, 67, 9, 2.82%, 3, 0, 2, 77.93, 17419, 1407
327, 0, 1, 67, 67, 9, 2.82%, 3, 0, 2, 91.84, 17808, 1407
332, 0, 1, 67, 67, 9, 2.82%, 3, 0, 2, 79.43, 18192, 1407
337, 0, 1, 67, 67, 9, 2.82%, 3, 0, 2, 79.69, 18592, 1407
342, 0, 1, 67, 67, 9, 2.82%, 3, 0, 2, 72.49, 18966, 1407
347, 0, 1, 67, 67, 9, 2.82%, 3, 0, 2, 74.07, 19348, 1407
352, 0, 1, 67, 67, 9, 2.82%, 3, 0, 2, 76.69, 19723, 1407
357, 0, 1, 67, 67, 9, 2.82%, 3, 0, 2, 74.71, 20116, 1407
362, 0, 1, 67, 67, 9, 2.82%, 3, 0, 2, 79.46, 20506, 1407
368, 0, 1, 67, 67, 9, 2.82%, 3, 0, 2, 81.22, 20929, 1407
373, 0, 1, 67, 67, 9, 2.82%, 3, 0, 2, 82.39, 21340, 1407
378, 0, 1, 67, 67, 9, 2.82%, 3, 0, 2, 78.45, 21723, 1407
383, 0, 1, 67, 67, 9, 2.82%, 3, 0, 2, 80.74, 22136, 1407
388, 0, 1, 67, 67, 9, 2.82%, 3, 0, 2, 81.89, 22560, 1407
393, 0, 1, 68, 68, 9, 2.82%, 3, 0, 2, 82.86, 22976, 1407
398, 0, 1, 68, 68, 9, 2.82%, 3, 0, 2, 80.97, 23374, 1407
403, 0, 1, 68, 68, 9, 2.82%, 3, 0, 2, 128.86, 23976, 1407
408, 0, 1, 69, 69, 9, 2.82%, 4, 0, 2, 96.13, 24446, 1408
413, 0, 1, 70, 70, 9, 2.82%, 4, 0, 2, 84.66, 24862, 1409
418, 0, 1, 70, 70, 9, 2.82%, 4, 0, 2, 73.92, 25247, 1409
423, 0, 1, 71, 71, 9, 2.83%, 4, 0, 2, 84.54, 25669, 1413
429, 0, 1, 71, 71, 9, 2.83%, 4, 0, 2, 65.03, 25965, 1413
434, 0, 1, 71, 71, 9, 2.83%, 4, 0, 2, 69.70, 26328, 1413
439, 0, 1, 71, 71, 9, 2.83%, 4, 0, 2, 71.53, 26709, 1413
444, 0, 1, 71, 71, 9, 2.83%, 4, 0, 2, 73.87, 27085, 1413
449, 0, 1, 71, 71, 9, 2.83%, 4, 0, 2, 77.49, 27481, 1413
454, 0, 1, 71, 71, 9, 2.83%, 4, 0, 2, 77.73, 27886, 1413
459, 0, 1, 73, 73, 9, 2.85%, 4, 0, 2, 88.89, 28386, 1422
464, 0, 1, 73, 73, 9, 2.85%, 4, 0, 2, 79.53, 28783, 1422
469, 0, 1, 74, 74, 9, 2.85%, 4, 0, 2, 69.89, 29124, 1423
474, 0, 1, 74, 74, 9, 2.85%, 4, 0, 2, 77.17, 29548, 1423
480, 0, 1, 74, 74, 9, 2.85%, 4, 0, 2, 80.04, 29957, 1423
485, 0, 1, 74, 74, 9, 2.85%, 4, 0, 2, 61.94, 30231, 1423
490, 0, 1, 74, 74, 9, 2.85%, 4, 0, 2, 72.52, 30611, 1423
495, 0, 1, 74, 74, 9, 2.85%, 4, 0, 2, 75.12, 30993, 1423
500, 0, 1, 74, 74, 9, 2.85%, 4, 0, 2, 78.94, 31400, 1423
505, 0, 1, 74, 74, 9, 2.85%, 4, 0, 2, 93.02, 31871, 1423
510, 0, 1, 74, 74, 9, 2.85%, 4, 0, 2, 72.49, 32216, 1423
515, 0, 1, 74, 74, 9, 2.85%, 4, 0, 2, 72.31, 32584, 1423
520, 0, 1, 75, 75, 9, 2.85%, 4, 0, 2, 73.14, 32947, 1424
526, 0, 1, 76, 76, 9, 2.85%, 4, 0, 2, 65.60, 33283, 1424
531, 0, 1, 76, 76, 9, 2.85%, 4, 0, 2, 72.69, 33658, 1424
536, 0, 1, 76, 76, 9, 2.85%, 4, 0, 2, 101.44, 34034, 1424
541, 0, 1, 76, 76, 9, 2.85%, 4, 0, 2, 86.72, 34473, 1424
546, 0, 1, 76, 76, 9, 2.85%, 4, 0, 2, 76.24, 34845, 1424
551, 0, 1, 76, 76, 9, 2.85%, 4, 0, 2, 76.91, 35241, 1424
556, 0, 1, 76, 76, 9, 2.85%, 4, 0, 2, 96.09, 35640, 1424
562, 0, 1, 76, 76, 9, 2.85%, 4, 0, 2, 84.78, 36056, 1424
567, 0, 1, 76, 76, 9, 2.85%, 4, 0, 2, 85.40, 36444, 1424
572, 0, 1, 76, 76, 9, 2.85%, 4, 0, 2, 93.66, 36840, 1424
577, 0, 1, 76, 76, 9, 2.85%, 4, 0, 2, 83.55, 37239, 1424
582, 0, 1, 76, 76, 9, 2.85%, 4, 0, 2, 79.18, 37638, 1424
587, 0, 1, 76, 76, 9, 2.85%, 4, 0, 2, 74.96, 38019, 1424
592, 0, 1, 76, 76, 9, 2.85%, 4, 0, 2, 96.66, 38544, 1424
597, 0, 1, 76, 76, 9, 2.85%, 4, 0, 2, 86.20, 38969, 1424
602, 0, 1, 76, 76, 9, 2.85%, 4, 0, 2, 13.82, 39360, 1424
607, 0, 1, 76, 76, 9, 2.85%, 4, 0, 2, 86.68, 39821, 1424
612, 0, 1, 76, 76, 9, 2.85%, 4, 0, 2, 75.12, 40205, 1424
617, 0, 1, 76, 76, 9, 2.85%, 4, 0, 2, 73.20, 40580, 1424
623, 0, 1, 76, 76, 9, 2.85%, 4, 0, 2, 78.58, 40999, 1424
628, 0, 1, 76, 76, 9, 2.85%, 4, 0, 2, 75.88, 41389, 1424
633, 0, 1, 76, 76, 9, 2.85%, 4, 0, 2, 81.08, 41807, 1424
638, 0, 1, 76, 76, 9, 2.85%, 4, 0, 2, 77.20, 42272, 1424
643, 0, 1, 76, 76, 9, 2.85%, 4, 0, 2, 73.49, 42658, 1424
648, 0, 1, 76, 76, 9, 2.85%, 4, 0, 2, 80.48, 43061, 1424
653, 0, 1, 76, 76, 9, 2.85%, 4, 0, 2, 90.11, 43552, 1424
658, 0, 1, 76, 76, 9, 2.85%, 4, 0, 2, 83.59, 43975, 1424
664, 0, 1, 76, 76, 9, 2.85%, 4, 0, 2, 87.18, 44408, 1424
669, 0, 1, 76, 76, 9, 2.85%, 4, 0, 2, 87.65, 44854, 1424
674, 0, 1, 76, 76, 9, 2.85%, 4, 0, 2, 84.43, 45282, 1424
679, 0, 1, 76, 76, 9, 2.85%, 4, 0, 2, 87.84, 45732, 1424
684, 0, 1, 76, 76, 9, 2.85%, 4, 0, 2, 93.26, 46203, 1424
689, 0, 1, 76, 76, 9, 2.85%, 4, 0, 2, 93.85, 46686, 1424
694, 0, 1, 76, 76, 9, 2.85%, 4, 0, 2, 84.60, 47106, 1424
699, 0, 1, 76, 76, 9, 2.85%, 4, 0, 2, 87.88, 47541, 1424
704, 0, 1, 76, 76, 9, 2.85%, 4, 0, 2, 84.24, 47969, 1424
710, 0, 1, 76, 76, 9, 2.85%, 4, 0, 2, 84.86, 48399, 1424
715, 0, 1, 76, 76, 9, 2.85%, 4, 0, 2, 85.24, 48841, 1424
720, 0, 1, 76, 76, 9, 2.85%, 4, 0, 2, 87.46, 49277, 1424
725, 0, 1, 76, 76, 9, 2.85%, 4, 0, 2, 87.26, 49736, 1424
730, 0, 1, 76, 76, 9, 2.85%, 4, 0, 2, 72.98, 50114, 1424
736, 0, 1, 76, 76, 9, 2.85%, 4, 0, 2, 83.94, 50568, 1424
741, 0, 1, 76, 76, 9, 2.85%, 4, 0, 2, 86.70, 51006, 1424
746, 0, 1, 76, 76, 9, 2.85%, 4, 0, 2, 85.82, 51432, 1424
751, 0, 1, 76, 76, 9, 2.85%, 4, 0, 2, 78.85, 51827, 1424
756, 0, 1, 76, 76, 9, 2.85%, 4, 0, 2, 83.03, 52270, 1424
761, 0, 1, 76, 76, 9, 2.85%, 4, 0, 2, 94.00, 52820, 1424
766, 0, 1, 76, 76, 9, 2.85%, 4, 0, 2, 74.49, 53182, 1424
771, 0, 1, 76, 76, 9, 2.85%, 4, 0, 2, 82.09, 53639, 1424
776, 0, 1, 76, 76, 9, 2.85%, 4, 0, 2, 112.98, 54044, 1424
781, 0, 1, 76, 76, 9, 2.85%, 4, 0, 2, 87.32, 54456, 1424
786, 0, 1, 77, 77, 9, 2.86%, 4, 0, 2, 90.62, 54938, 1425
792, 0, 1, 77, 77, 9, 2.86%, 4, 0, 2, 93.12, 55431, 1425
797, 0, 1, 77, 77, 9, 2.86%, 4, 0, 2, 91.73, 55899, 1425
802, 0, 1, 77, 77, 9, 2.86%, 4, 0, 2, 97.88, 56387, 1425
807, 0, 1, 77, 77, 9, 2.86%, 4, 0, 2, 93.95, 56863, 1425
812, 0, 1, 77, 77, 9, 2.86%, 4, 0, 2, 85.90, 57282, 1425
817, 0, 1, 77, 77, 9, 2.86%, 4, 0, 2, 91.37, 57764, 1425
822, 0, 1, 77, 77, 9, 2.86%, 4, 0, 2, 88.64, 58222, 1425
828, 0, 1, 77, 77, 9, 2.86%, 4, 0, 2, 86.82, 58660, 1425
833, 0, 1, 77, 77, 9, 2.86%, 4, 0, 2, 79.71, 59045, 1425
838, 0, 1, 77, 77, 9, 2.86%, 4, 0, 2, 82.28, 59461, 1425
843, 0, 1, 77, 77, 9, 2.86%, 4, 0, 2, 88.78, 59930, 1425
848, 0, 1, 77, 77, 9, 2.86%, 4, 0, 2, 93.90, 60418, 1425
853, 0, 1, 77, 77, 9, 2.86%, 4, 0, 2, 97.60, 60912, 1425
858, 0, 1, 77, 77, 9, 2.86%, 4, 0, 2, 104.51, 61428, 1425
863, 0, 1, 77, 77, 9, 2.86%, 4, 0, 2, 95.77, 61924, 1425
868, 0, 1, 77, 77, 9, 2.86%, 4, 0, 2, 89.49, 62360, 1425
873, 0, 1, 77, 77, 9, 2.86%, 4, 0, 2, 88.48, 62802, 1425
878, 0, 1, 77, 77, 9, 2.86%, 4, 0, 2, 87.19, 63240, 1425
883, 0, 1, 77, 77, 9, 2.86%, 4, 0, 2, 79.99, 63644, 1425
888, 0, 1, 77, 77, 9, 2.86%, 4, 0, 2, 83.31, 64079, 1425
894, 0, 1, 77, 77, 9, 2.86%, 4, 0, 2, 76.28, 64471, 1425
899, 0, 1, 77, 77, 9, 2.86%, 4, 0, 2, 90.31, 64939, 1425
904, 0, 1, 77, 77, 9, 2.86%, 4, 0, 2, 99.28, 65458, 1425
909, 0, 1, 77, 77, 9, 2.86%, 4, 0, 2, 97.63, 65958, 1425
914, 0, 1, 77, 77, 9, 2.86%, 4, 0, 2, 92.96, 66413, 1425
919, 0, 1, 77, 77, 9, 2.86%, 4, 0, 2, 97.92, 66923, 1425
924, 0, 1, 77, 77, 9, 2.86%, 4, 0, 2, 93.23, 67385, 1425
929, 0, 1, 77, 77, 9, 2.86%, 4, 0, 2, 87.04, 67806, 1425
934, 0, 1, 77, 77, 9, 2.86%, 4, 0, 2, 87.77, 68241, 1425
940, 0, 1, 77, 77, 9, 2.86%, 4, 0, 2, 113.43, 68767, 1425
945, 0, 1, 77, 77, 9, 2.86%, 4, 0, 2, 97.93, 69335, 1425
950, 0, 1, 77, 77, 9, 2.86%, 4, 0, 2, 80.71, 69706, 1425
955, 0, 1, 77, 77, 9, 2.86%, 4, 0, 2, 76.93, 70095, 1425
960, 0, 1, 77, 77, 9, 2.86%, 4, 0, 2, 91.84, 70591, 1425
965, 0, 1, 77, 77, 9, 2.86%, 4, 0, 2, 87.96, 71023, 1425
970, 0, 1, 77, 77, 9, 2.86%, 4, 0, 2, 87.46, 71469, 1425
975, 0, 1, 77, 77, 9, 2.86%, 4, 0, 2, 86.11, 71912, 1425
980, 0, 1, 77, 77, 9, 2.86%, 4, 0, 2, 95.73, 72424, 1425
985, 0, 1, 77, 77, 9, 2.86%, 4, 0, 2, 85.51, 72844, 1425
991, 0, 1, 77, 77, 9, 2.86%, 4, 0, 2, 91.45, 73340, 1425
996, 0, 1, 77, 77, 9, 2.86%, 4, 0, 2, 95.97, 73811, 1425
1001, 0, 1, 77, 77, 9, 2.86%, 4, 0, 2, 93.35, 74299, 1425
1006, 0, 1, 77, 77, 9, 2.86%, 4, 0, 2, 93.69, 74785, 1425
1011, 0, 1, 77, 77, 9, 2.86%, 4, 0, 2, 101.37, 75313, 1425
1016, 0, 1, 77, 77, 9, 2.86%, 4, 0, 2, 91.25, 75759, 1425
1021, 0, 1, 77, 77, 9, 2.86%, 4, 0, 2, 94.17, 76247, 1425
1026, 0, 1, 77, 77, 9, 2.86%, 4, 0, 2, 93.91, 76711, 1425
1031, 0, 1, 77, 77, 9, 2.86%, 4, 0, 2, 101.79, 77253, 1425
1036, 0, 1, 77, 77, 9, 2.86%, 4, 0, 2, 93.95, 77711, 1425
1041, 0, 1, 77, 77, 9, 2.86%, 4, 0, 2, 94.48, 78184, 1425
1047, 0, 1, 77, 77, 9, 2.86%, 4, 0, 2, 97.98, 78688, 1425
1052, 0, 1, 77, 77, 9, 2.86%, 4, 0, 2, 98.31, 79196, 1425
1057, 0, 1, 77, 77, 9, 2.86%, 4, 0, 2, 94.49, 79684, 1425
1062, 0, 1, 77, 77, 9, 2.86%, 4, 0, 2, 90.22, 80131, 1425
1067, 0, 1, 77, 77, 9, 2.86%, 4, 0, 2, 84.12, 80602, 1425
1073, 0, 1, 77, 77, 9, 2.86%, 4, 0, 2, 85.24, 81040, 1425
1078, 0, 1, 77, 77, 9, 2.86%, 4, 0, 2, 88.62, 81496, 1425
1083, 0, 1, 77, 77, 9, 2.86%, 4, 0, 2, 89.82, 81945, 1425
1088, 0, 1, 77, 77, 9, 2.86%, 4, 0, 2, 87.31, 82400, 1425
1093, 0, 1, 77, 77, 9, 2.86%, 4, 0, 2, 90.58, 82852, 1425
1098, 0, 1, 77, 77, 9, 2.86%, 4, 0, 2, 96.58, 83350, 1425
1103, 0, 1, 78, 78, 9, 2.86%, 4, 0, 2, 88.69, 83783, 1428
1108, 0, 1, 78, 78, 9, 2.86%, 4, 0, 2, 92.02, 84250, 1428
1113, 0, 1, 78, 78, 9, 2.86%, 4, 0, 2, 91.12, 84703, 1428
1118, 0, 1, 78, 78, 9, 2.86%, 4, 0, 2, 89.26, 85158, 1428
1124, 0, 1, 78, 78, 9, 2.86%, 4, 0, 2, 89.09, 85611, 1428
1129, 0, 1, 78, 78, 9, 2.86%, 4, 0, 2, 86.16, 86050, 1428
1134, 0, 1, 78, 78, 9, 2.86%, 4, 0, 2, 90.86, 86533, 1428
1139, 0, 1, 78, 78, 9, 2.86%, 4, 0, 2, 82.99, 86950, 1428
1144, 0, 1, 78, 78, 9, 2.86%, 4, 0, 2, 89.85, 87425, 1428
1149, 0, 1, 78, 78, 9, 2.86%, 4, 0, 2, 87.39, 87875, 1428
1154, 0, 1, 78, 78, 9, 2.86%, 4, 0, 2, 85.62, 88296, 1428
1160, 0, 1, 78, 78, 9, 2.86%, 4, 0, 2, 84.33, 88739, 1428
1165, 0, 1, 78, 78, 9, 2.86%, 4, 0, 2, 84.99, 89180, 1428
1170, 0, 1, 78, 78, 9, 2.86%, 4, 0, 2, 87.61, 89633, 1428
1175, 0, 1, 78, 78, 9, 2.86%, 4, 0, 2, 90.55, 90108, 1428
1180, 0, 1, 78, 78, 9, 2.86%, 4, 0, 2, 88.85, 90564, 1428
1185, 0, 1, 78, 78, 9, 2.86%, 4, 0, 2, 88.79, 91022, 1428
1191, 0, 1, 78, 78, 9, 2.86%, 4, 0, 2, 98.18, 91542, 1428
1196, 0, 1, 78, 78, 9, 2.86%, 4, 0, 2, 93.92, 92003, 1428
1201, 0, 1, 78, 78, 9, 2.86%, 4, 0, 2, 84.01, 92425, 1428
1206, 0, 1, 78, 78, 9, 2.86%, 4, 0, 2, 93.61, 92881, 1428
1211, 0, 1, 78, 78, 9, 2.86%, 4, 0, 2, 97.15, 93365, 1428
1216, 0, 1, 78, 78, 9, 2.86%, 4, 0, 2, 96.43, 93868, 1428
1221, 0, 1, 78, 78, 9, 2.86%, 4, 0, 2, 101.15, 94372, 1428
1226, 0, 1, 78, 78, 9, 2.86%, 4, 0, 2, 90.66, 94815, 1428
1231, 0, 1, 78, 78, 9, 2.86%, 4, 0, 2, 92.99, 95290, 1428
1237, 0, 1, 78, 78, 9, 2.86%, 4, 0, 2, 91.15, 95764, 1428
1242, 0, 1, 78, 78, 9, 2.86%, 4, 0, 2, 87.13, 96197, 1428
1247, 0, 1, 78, 78, 9, 2.86%, 4, 0, 2, 85.95, 96644, 1428
1252, 0, 1, 78, 78, 9, 2.86%, 4, 0, 2, 87.07, 97098, 1428
1257, 0, 1, 78, 78, 9, 2.86%, 4, 0, 2, 94.96, 97596, 1428
1262, 0, 1, 78, 78, 9, 2.86%, 4, 0, 2, 93.69, 98072, 1428
1267, 0, 1, 78, 78, 9, 2.86%, 4, 0, 2, 95.72, 98560, 1428
1272, 0, 1, 91, 91, 9, 2.90%, 5, 0, 2, 94.53, 99043, 1447
1277, 0, 1, 113, 113, 9, 2.92%, 10, 0, 2, 95.51, 99518, 1457
1283, 0, 1, 130, 130, 9, 2.93%, 17, 0, 2, 93.85, 99991, 1462
1288, 0, 1, 145, 145, 9, 2.94%, 22, 0, 2, 92.59, 100428, 1466
1293, 0, 1, 157, 157, 9, 2.95%, 24, 0, 2, 91.57, 100903, 1472
1298, 0, 1, 166, 166, 9, 2.95%, 29, 0, 2, 92.49, 101365, 1474
1303, 0, 1, 173, 173, 9, 2.96%, 34, 0, 2, 96.26, 101856, 1475
1308, 0, 1, 177, 177, 9, 2.96%, 35, 0, 2, 94.98, 102330, 1477
1313, 0, 1, 184, 184, 9, 2.96%, 35, 0, 2, 101.20, 102842, 1477
1318, 0, 1, 186, 186, 9, 2.96%, 37, 0, 2, 100.83, 103358, 1477
1323, 0, 1, 190, 190, 9, 2.96%, 42, 0, 2, 99.42, 103856, 1478
1329, 0, 1, 191, 191, 9, 2.96%, 43, 0, 2, 95.96, 104337, 1478
1334, 0, 1, 193, 193, 9, 2.98%, 43, 0, 2, 102.61, 104860, 1487
1339, 0, 1, 195, 195, 9, 2.98%, 46, 0, 2, 97.72, 105355, 1487
1344, 0, 1, 196, 196, 9, 2.98%, 48, 0, 2, 105.53, 105904, 1487
1349, 0, 1, 196, 196, 9, 2.98%, 51, 0, 2, 103.19, 106410, 1487
1354, 0, 1, 198, 198, 9, 2.98%, 52, 0, 2, 100.16, 106904, 1487
1359, 0, 1, 200, 200, 9, 2.98%, 52, 0, 2, 100.92, 107416, 1487
1364, 0, 1, 200, 200, 9, 2.98%, 52, 0, 2, 103.51, 107930, 1487
1369, 0, 1, 202, 202, 9, 2.98%, 52, 0, 2, 100.85, 108434, 1487
1374, 0, 1, 202, 202, 9, 2.98%, 52, 0, 2, 103.79, 108954, 1487
1379, 0, 1, 202, 202, 9, 2.98%, 52, 0, 2, 100.30, 109446, 1487
1384, 0, 1, 203, 203, 9, 2.98%, 52, 0, 2, 99.36, 109935, 1488
1389, 0, 1, 207, 207, 9, 2.98%, 52, 0, 2, 94.19, 110399, 1488
1395, 0, 1, 208, 208, 9, 2.98%, 52, 0, 2, 98.54, 110917, 1488
1400, 0, 1, 208, 208, 9, 2.98%, 54, 0, 2, 103.33, 111442, 1488
1405, 0, 1, 208, 208, 9, 2.98%, 54, 0, 2, 101.54, 111978, 1488
1410, 0, 1, 208, 208, 9, 2.98%, 54, 0, 2, 100.58, 112448, 1488
1415, 0, 1, 209, 209, 9, 2.98%, 54, 0, 2, 97.62, 112926, 1488
1420, 0, 1, 209, 209, 9, 2.98%, 54, 0, 2, 95.91, 113412, 1488
1426, 0, 1, 209, 209, 9, 2.98%, 54, 0, 2, 100.54, 113948, 1488
1431, 0, 1, 210, 210, 9, 2.98%, 54, 0, 2, 94.98, 114415, 1488
1436, 0, 1, 210, 210, 9, 2.98%, 54, 0, 2, 96.72, 114895, 1488
1441, 0, 1, 210, 210, 9, 2.98%, 55, 0, 2, 97.90, 115394, 1488
1446, 0, 1, 212, 212, 9, 2.98%, 55, 0, 2, 92.97, 115870, 1488
1451, 0, 1, 213, 213, 9, 2.98%, 55, 0, 2, 96.56, 116385, 1488
1456, 0, 1, 213, 213, 9, 2.98%, 56, 0, 2, 96.36, 116897, 1488
1461, 0, 1, 213, 213, 9, 2.98%, 56, 0, 2, 96.02, 117398, 1488
1466, 0, 1, 213, 213, 9, 2.98%, 56, 0, 2, 98.85, 117920, 1488
1471, 0, 1, 213, 213, 9, 2.98%, 56, 0, 2, 100.47, 118434, 1488
1476, 0, 1, 214, 214, 9, 2.98%, 56, 0, 2, 102.82, 118964, 1488
1482, 0, 1, 215, 215, 9, 2.98%, 56, 0, 2, 96.03, 119446, 1488
1487, 0, 1, 215, 215, 9, 2.98%, 56, 0, 2, 93.54, 119942, 1488
1492, 0, 1, 216, 216, 9, 2.99%, 56, 0, 2, 91.51, 120417, 1490
1497, 0, 1, 217, 217, 9, 2.99%, 57, 0, 2, 100.04, 120924, 1490
1502, 0, 1, 217, 217, 9, 2.99%, 57, 0, 2, 100.23, 121436, 1490
1507, 0, 1, 217, 217, 9, 2.99%, 57, 0, 2, 101.56, 121952, 1490
1512, 0, 1, 218, 218, 9, 2.99%, 57, 0, 2, 97.04, 122441, 1490
1517, 0, 1, 218, 218, 9, 2.99%, 57, 0, 2, 93.43, 122922, 1490
1523, 0, 1, 219, 219, 9, 3.01%, 57, 0, 2, 90.90, 123389, 1503
1528, 0, 1, 219, 219, 9, 3.01%, 57, 0, 2, 93.49, 123863, 1503
1533, 0, 1, 219, 219, 9, 3.01%, 57, 0, 2, 93.96, 124352, 1503
1538, 0, 1, 220, 220, 9, 3.01%, 57, 0, 2, 91.51, 124809, 1503
1543, 0, 1, 220, 220, 9, 3.01%, 57, 0, 2, 88.78, 125268, 1503
1548, 0, 1, 220, 220, 9, 3.01%, 57, 0, 2, 90.35, 125720, 1503
1553, 0, 1, 222, 222, 9, 3.01%, 57, 0, 2, 88.40, 126154, 1503
1559, 0, 1, 222, 222, 9, 3.01%, 57, 0, 2, 92.64, 126596, 1503
1564, 0, 1, 222, 222, 9, 3.01%, 58, 0, 2, 92.66, 127057, 1503
1569, 0, 1, 222, 222, 9, 3.01%, 58, 0, 2, 82.98, 127476, 1503
1574, 0, 1, 222, 222, 9, 3.01%, 58, 0, 2, 66.54, 127760, 1503
1579, 0, 1, 222, 222, 9, 3.01%, 58, 0, 2, 87.49, 128230, 1503
1584, 0, 1, 222, 222, 9, 3.01%, 58, 0, 2, 90.66, 128688, 1503
1589, 0, 1, 222, 222, 9, 3.01%, 58, 0, 2, 82.94, 129122, 1503
1594, 0, 1, 222, 222, 9, 3.01%, 58, 0, 2, 89.95, 129601, 1503
1600, 0, 1, 222, 222, 9, 3.01%, 58, 0, 2, 92.78, 130077, 1503
1605, 0, 1, 222, 222, 9, 3.01%, 59, 0, 2, 107.55, 130576, 1503
1610, 0, 1, 223, 223, 9, 3.01%, 59, 0, 2, 91.18, 131026, 1503
1615, 0, 1, 224, 224, 9, 3.01%, 59, 0, 2, 96.93, 131543, 1503
1620, 0, 1, 224, 224, 9, 3.01%, 59, 0, 2, 114.04, 132016, 1503
1625, 0, 1, 224, 224, 9, 3.01%, 59, 0, 2, 99.20, 132502, 1503
1630, 0, 1, 224, 224, 9, 3.01%, 59, 0, 2, 93.62, 132981, 1503
1635, 0, 1, 226, 226, 9, 3.01%, 59, 0, 2, 101.43, 133516, 1503
1641, 0, 1, 227, 227, 9, 3.01%, 59, 0, 2, 100.95, 134019, 1503
1646, 0, 1, 227, 227, 9, 3.01%, 59, 0, 2, 96.76, 134512, 1503
1651, 0, 1, 228, 228, 9, 3.01%, 59, 0, 2, 100.35, 134975, 1504
1656, 0, 1, 228, 228, 9, 3.01%, 60, 0, 2, 87.77, 135402, 1504
1661, 0, 1, 229, 229, 9, 3.02%, 60, 0, 2, 81.97, 135838, 1505
1666, 0, 1, 229, 229, 9, 3.02%, 60, 0, 2, 88.07, 136272, 1505
1672, 0, 1, 229, 229, 9, 3.02%, 60, 0, 2, 86.61, 136724, 1505
1677, 0, 1, 229, 229, 9, 3.02%, 60, 0, 2, 93.88, 137194, 1505
1682, 0, 1, 229, 229, 9, 3.02%, 61, 0, 2, 108.36, 137652, 1505
1687, 0, 1, 229, 229, 9, 3.02%, 61, 0, 2, 87.93, 138085, 1505
1692, 0, 1, 229, 229, 9, 3.02%, 61, 0, 2, 67.45, 138417, 1505
1697, 0, 1, 229, 229, 9, 3.02%, 61, 0, 2, 53.35, 138663, 1505
1702, 0, 1, 229, 229, 9, 3.02%, 61, 0, 2, 41.01, 138885, 1505
1707, 0, 1, 230, 230, 9, 3.02%, 61, 0, 2, 52.68, 139140, 1505
1712, 0, 1, 231, 231, 9, 3.02%, 61, 0, 2, 61.37, 139455, 1505
1718, 0, 1, 231, 231, 9, 3.02%, 61, 0, 2, 69.56, 139777, 1505
1723, 0, 1, 231, 231, 9, 3.02%, 61, 0, 2, 64.71, 140104, 1505
1728, 0, 1, 231, 231, 9, 3.02%, 61, 0, 2, 55.21, 140368, 1505
1733, 0, 1, 232, 232, 9, 3.02%, 61, 0, 2, 59.15, 140680, 1505
1738, 0, 1, 232, 232, 9, 3.02%, 61, 0, 2, 80.42, 141094, 1505
1743, 0, 1, 232, 232, 9, 3.02%, 61, 0, 2, 92.31, 141593, 1505
1748, 0, 1, 232, 232, 9, 3.02%, 61, 0, 2, 92.08, 142057, 1505
1753, 0, 1, 233, 233, 9, 3.02%, 61, 0, 2, 90.64, 142496, 1505
1758, 0, 1, 233, 233, 9, 3.02%, 61, 0, 2, 89.70, 142946, 1505
1763, 0, 1, 233, 233, 9, 3.02%, 61, 0, 2, 90.11, 143409, 1505
1769, 0, 1, 234, 234, 9, 3.02%, 61, 0, 2, 84.21, 143837, 1505
1774, 0, 1, 234, 234, 9, 3.02%, 61, 0, 2, 80.14, 144246, 1505
1779, 0, 1, 235, 235, 9, 3.02%, 61, 0, 2, 85.67, 144685, 1505
1784, 0, 1, 235, 235, 9, 3.02%, 61, 0, 2, 88.04, 145138, 1505
1789, 0, 1, 235, 235, 9, 3.02%, 61, 0, 2, 86.56, 145570, 1505
1794, 0, 1, 235, 235, 9, 3.02%, 61, 0, 2, 88.57, 146026, 1505
1799, 0, 1, 235, 235, 9, 3.02%, 62, 0, 2, 90.95, 146500, 1505
1804, 0, 1, 235, 235, 9, 3.02%, 62, 0, 2, 86.12, 146936, 1505
1809, 0, 1, 235, 235, 9, 3.02%, 62, 0, 2, 79.10, 147358, 1505
1814, 0, 1, 235, 235, 9, 3.02%, 62, 0, 2, 84.91, 147804, 1505
1819, 0, 1, 235, 235, 9, 3.02%, 62, 0, 2, 84.74, 148250, 1505
1824, 0, 1, 235, 235, 9, 3.02%, 62, 0, 2, 89.58, 148699, 1505
1830, 0, 1, 235, 235, 9, 3.02%, 62, 0, 2, 91.61, 149185, 1505
1835, 0, 1, 236, 236, 9, 3.02%, 62, 0, 2, 84.15, 149613, 1505
1840, 0, 1, 236, 236, 9, 3.02%, 62, 0, 2, 83.83, 150040, 1505
1845, 0, 1, 236, 236, 9, 3.02%, 62, 0, 2, 91.14, 150537, 1505
1850, 0, 1, 236, 236, 9, 3.02%, 62, 0, 2, 85.50, 150967, 1505
1855, 0, 1, 236, 236, 9, 3.02%, 62, 0, 2, 91.02, 151450, 1505
1860, 0, 1, 236, 236, 9, 3.02%, 62, 0, 2, 91.81, 151922, 1505
1865, 0, 1, 236, 236, 9, 3.02%, 62, 0, 2, 85.75, 152365, 1505
1870, 0, 1, 236, 236, 9, 3.02%, 62, 0, 2, 93.25, 152857, 1505
1876, 0, 1, 236, 236, 9, 3.02%, 62, 0, 2, 98.67, 153364, 1505
1881, 0, 1, 237, 237, 9, 3.02%, 62, 0, 2, 92.96, 153814, 1505
1886, 0, 1, 237, 237, 9, 3.02%, 62, 0, 2, 49.77, 154231, 1505
1891, 0, 1, 237, 237, 9, 3.02%, 62, 0, 2, 77.79, 154649, 1505
1896, 0, 1, 237, 237, 9, 3.02%, 62, 0, 2, 88.00, 155116, 1505
1901, 0, 1, 238, 238, 9, 3.02%, 62, 0, 2, 89.67, 155581, 1505
1906, 0, 1, 239, 239, 9, 3.02%, 62, 0, 2, 91.59, 156039, 1505
1911, 0, 1, 239, 239, 9, 3.02%, 62, 0, 2, 88.99, 156490, 1505
1916, 0, 1, 239, 239, 9, 3.02%, 62, 0, 2, 88.92, 156939, 1505
1922, 0, 1, 239, 239, 9, 3.02%, 63, 0, 2, 86.05, 157399, 1505
1927, 0, 1, 239, 239, 9, 3.02%, 63, 0, 2, 85.17, 157832, 1505
1932, 0, 1, 239, 239, 9, 3.02%, 63, 0, 2, 86.98, 158277, 1505
1937, 0, 1, 239, 239, 9, 3.02%, 63, 0, 2, 102.27, 158700, 1505
1942, 0, 1, 240, 240, 9, 3.02%, 63, 0, 2, 91.70, 159155, 1505
1947, 0, 1, 240, 240, 9, 3.02%, 63, 0, 2, 89.04, 159605, 1505
1953, 0, 1, 241, 241, 9, 3.02%, 63, 0, 2, 85.11, 160041, 1505
1958, 0, 1, 241, 241, 9, 3.02%, 63, 0, 2, 85.95, 160494, 1505
1963, 0, 1, 241, 241, 9, 3.02%, 63, 0, 2, 86.78, 160944, 1505
1968, 0, 1, 241, 241, 9, 3.02%, 63, 0, 2, 91.79, 161405, 1505
1973, 0, 1, 242, 242, 9, 3.02%, 63, 0, 2, 68.26, 161745, 1506
1978, 0, 1, 242, 242, 9, 3.02%, 63, 0, 2, 71.75, 162113, 1506
1983, 0, 1, 242, 242, 9, 3.02%, 63, 0, 2, 84.54, 162555, 1506
1988, 0, 1, 242, 242, 9, 3.02%, 63, 0, 2, 85.21, 163001, 1506
1993, 0, 1, 242, 242, 9, 3.02%, 63, 0, 2, 81.19, 163350, 1506
1998, 0, 1, 242, 242, 9, 3.02%, 63, 0, 2, 95.89, 163847, 1506
2004, 0, 1, 242, 242, 9, 3.02%, 63, 0, 2, 93.41, 164317, 1506
2009, 0, 1, 242, 242, 9, 3.02%, 63, 0, 2, 91.20, 164784, 1506
2014, 0, 1, 242, 242, 9, 3.02%, 63, 0, 2, 91.38, 165255, 1506
2019, 0, 1, 243, 243, 9, 3.02%, 63, 0, 2, 94.34, 165733, 1506
2024, 0, 1, 243, 243, 9, 3.02%, 63, 0, 2, 89.86, 166170, 1506
2029, 0, 1, 243, 243, 9, 3.02%, 63, 0, 2, 90.12, 166617, 1506
2034, 0, 1, 243, 243, 9, 3.02%, 63, 0, 2, 85.35, 167042, 1506
2039, 0, 1, 243, 243, 9, 3.02%, 63, 0, 2, 88.77, 167486, 1506
2044, 0, 1, 243, 243, 9, 3.02%, 63, 0, 2, 90.10, 167961, 1506
2049, 0, 1, 243, 243, 9, 3.02%, 63, 0, 2, 86.08, 168389, 1506
2054, 0, 1, 243, 243, 9, 3.02%, 63, 0, 2, 86.25, 168829, 1506
2059, 0, 1, 243, 243, 9, 3.02%, 63, 0, 2, 82.66, 169249, 1506
2065, 0, 1, 243, 243, 9, 3.02%, 63, 0, 2, 88.24, 169696, 1506
2070, 0, 1, 243, 243, 9, 3.02%, 63, 0, 2, 86.64, 170128, 1506
2075, 0, 1, 244, 244, 9, 3.02%, 63, 0, 2, 90.63, 170602, 1508
2080, 0, 1, 244, 244, 9, 3.02%, 64, 0, 2, 87.17, 171052, 1508
2085, 0, 1, 244, 244, 9, 3.02%, 64, 0, 2, 87.07, 171487, 1508
2090, 0, 1, 244, 244, 9, 3.02%, 65, 0, 2, 90.21, 171944, 1508
2095, 0, 1, 244, 244, 9, 3.02%, 65, 0, 2, 84.49, 172379, 1508
2100, 0, 1, 244, 244, 9, 3.02%, 65, 0, 2, 79.11, 172781, 1508
2105, 0, 1, 244, 244, 9, 3.02%, 65, 0, 2, 80.12, 173201, 1508
2110, 0, 1, 244, 244, 9, 3.02%, 65, 0, 2, 104.12, 173686, 1508
2116, 0, 1, 245, 245, 9, 3.02%, 65, 0, 2, 95.48, 174181, 1508
2121, 0, 1, 245, 245, 9, 3.02%, 65, 0, 2, 93.18, 174642, 1508
2126, 0, 1, 245, 245, 9, 3.02%, 65, 0, 2, 90.10, 175108, 1508
2131, 0, 1, 245, 245, 9, 3.02%, 65, 0, 2, 91.11, 175566, 1508
2136, 0, 1, 245, 245, 9, 3.02%, 65, 0, 2, 82.09, 175992, 1508
2141, 0, 1, 245, 245, 9, 3.02%, 65, 0, 2, 91.04, 176451, 1508
2146, 0, 1, 245, 245, 9, 3.02%, 65, 0, 2, 82.54, 176869, 1508
2151, 0, 1, 245, 245, 9, 3.02%, 66, 0, 2, 88.15, 177310, 1508
2157, 0, 1, 246, 246, 9, 3.02%, 66, 0, 2, 84.14, 177729, 1508
2162, 0, 1, 247, 247, 9, 3.02%, 66, 0, 2, 86.51, 178163, 1509
2167, 0, 1, 247, 247, 9, 3.02%, 66, 0, 2, 86.27, 178601, 1509
2172, 0, 1, 247, 247, 9, 3.02%, 66, 0, 2, 97.40, 179069, 1509
2177, 0, 1, 247, 247, 9, 3.02%, 67, 0, 2, 91.08, 179530, 1509
2182, 0, 1, 247, 247, 9, 3.02%, 67, 0, 2, 88.81, 179978, 1509
2187, 0, 1, 247, 247, 9, 3.02%, 67, 0, 2, 86.24, 180416, 1509
2192, 0, 1, 247, 247, 9, 3.02%, 67, 0, 2, 86.31, 180854, 1509
2197, 0, 1, 247, 247, 9, 3.02%, 67, 0, 2, 89.48, 181325, 1509
2202, 0, 1, 247, 247, 9, 3.02%, 67, 0, 2, 90.89, 181786, 1509
2208, 0, 1, 248, 248, 9, 3.02%, 67, 0, 2, 92.80, 182246, 1509
2213, 0, 1, 248, 248, 9, 3.02%, 67, 0, 2, 89.68, 182700, 1509
2218, 0, 1, 248, 248, 9, 3.02%, 67, 0, 2, 79.85, 183114, 1509
2223, 0, 1, 248, 248, 9, 3.02%, 67, 0, 2, 86.06, 183543, 1509
2228, 0, 1, 248, 248, 9, 3.02%, 67, 0, 2, 91.93, 183987, 1509
2233, 0, 1, 248, 248, 9, 3.02%, 67, 0, 2, 83.96, 184412, 1509
2238, 0, 1, 248, 248, 9, 3.02%, 67, 0, 2, 87.35, 184833, 1509
2243, 0, 1, 249, 249, 9, 3.02%, 67, 0, 2, 92.17, 185292, 1509
2248, 0, 1, 249, 249, 9, 3.02%, 67, 0, 2, 81.64, 185717, 1509
2253, 0, 1, 249, 249, 9, 3.02%, 67, 0, 2, 87.56, 186152, 1509
2258, 0, 1, 250, 250, 9, 3.02%, 67, 0, 2, 89.51, 186601, 1509
2263, 0, 1, 250, 250, 9, 3.02%, 67, 0, 2, 86.12, 187038, 1509
2268, 0, 1, 250, 250, 9, 3.02%, 67, 0, 2, 84.56, 187454, 1509
2273, 0, 1, 250, 250, 9, 3.02%, 67, 0, 2, 88.58, 187903, 1509
2279, 0, 1, 250, 250, 9, 3.02%, 67, 0, 2, 68.37, 188243, 1509
2284, 0, 1, 250, 250, 9, 3.02%, 67, 0, 2, 86.51, 188702, 1509
2289, 0, 1, 250, 250, 9, 3.02%, 67, 0, 2, 86.75, 189124, 1509
2294, 0, 1, 251, 251, 9, 3.03%, 67, 0, 2, 89.83, 189582, 1511
2299, 0, 1, 251, 251, 9, 3.03%, 67, 0, 2, 90.32, 190025, 1511
2304, 0, 1, 251, 251, 9, 3.03%, 67, 0, 2, 86.84, 190462, 1511
2309, 0, 1, 251, 251, 9, 3.03%, 67, 0, 2, 84.31, 190877, 1511
2314, 0, 1, 252, 252, 9, 3.03%, 67, 0, 2, 86.80, 191325, 1511
2319, 0, 1, 252, 252, 9, 3.03%, 67, 0, 2, 86.07, 191752, 1511
2324, 0, 1, 252, 252, 9, 3.03%, 67, 0, 2, 89.27, 192191, 1511
2330, 0, 1, 252, 252, 9, 3.03%, 67, 0, 2, 87.04, 192627, 1511
2335, 0, 1, 252, 252, 9, 3.03%, 67, 0, 2, 87.94, 193061, 1511
2340, 0, 1, 252, 252, 9, 3.03%, 67, 0, 2, 85.85, 193491, 1511
2345, 0, 1, 253, 253, 9, 3.03%, 67, 0, 2, 92.61, 193918, 1511
2350, 0, 1, 253, 253, 9, 3.03%, 67, 0, 2, 83.58, 194343, 1511
2355, 0, 1, 255, 255, 9, 3.03%, 67, 0, 2, 80.34, 194766, 1511
2360, 0, 1, 255, 255, 9, 3.03%, 67, 0, 2, 90.70, 195235, 1511
2366, 0, 1, 255, 255, 9, 3.03%, 67, 0, 2, 92.35, 195705, 1511
2371, 0, 1, 255, 255, 9, 3.03%, 67, 0, 2, 84.40, 196127, 1511
2376, 0, 1, 255, 255, 9, 3.03%, 67, 0, 2, 86.67, 196582, 1511
2381, 0, 1, 255, 255, 9, 3.03%, 68, 0, 2, 84.47, 197023, 1511
2386, 0, 1, 255, 255, 9, 3.03%, 68, 0, 2, 84.81, 197446, 1511
2391, 0, 1, 255, 255, 9, 3.03%, 68, 0, 2, 90.71, 197907, 1511
2396, 0, 1, 255, 255, 9, 3.03%, 68, 0, 2, 88.32, 198341, 1511
2401, 0, 1, 255, 255, 9, 3.03%, 68, 0, 2, 89.20, 198789, 1511
2406, 0, 1, 255, 255, 9, 3.03%, 68, 0, 2, 86.39, 199226, 1511
2412, 0, 1, 255, 255, 9, 3.03%, 68, 0, 2, 84.99, 199651, 1511
2417, 0, 1, 255, 255, 9, 3.03%, 68, 0, 2, 88.00, 200112, 1511
2422, 0, 1, 255, 255, 9, 3.03%, 68, 0, 2, 88.64, 200567, 1511
2427, 0, 1, 255, 255, 9, 3.03%, 68, 0, 2, 87.97, 201014, 1511
2432, 0, 1, 255, 255, 9, 3.03%, 68, 0, 2, 91.35, 201474, 1511
2437, 0, 1, 255, 255, 9, 3.03%, 68, 0, 2, 86.80, 201918, 1511
2442, 0, 1, 255, 255, 9, 3.03%, 68, 0, 2, 84.83, 202351, 1511
2448, 0, 1, 256, 256, 9, 3.03%, 68, 0, 2, 74.50, 202758, 1511
2453, 0, 1, 256, 256, 9, 3.03%, 68, 0, 2, 85.03, 203179, 1511
2458, 0, 1, 256, 256, 9, 3.03%, 68, 0, 2, 90.46, 203656, 1511
2463, 0, 1, 256, 256, 9, 3.03%, 68, 0, 2, 90.54, 204109, 1511
2468, 0, 1, 256, 256, 9, 3.03%, 68, 0, 2, 88.96, 204557, 1511
2473, 0, 1, 256, 256, 9, 3.03%, 68, 0, 2, 89.04, 205021, 1511
2479, 0, 1, 256, 256, 9, 3.03%, 68, 0, 2, 82.41, 205434, 1511
2484, 0, 1, 256, 256, 9, 3.03%, 68, 0, 2, 87.97, 205871, 1511
2489, 0, 1, 256, 256, 9, 3.03%, 68, 0, 2, 91.49, 206344, 1511
2494, 0, 1, 256, 256, 9, 3.03%, 68, 0, 2, 91.85, 206811, 1511
2499, 0, 1, 256, 256, 9, 3.03%, 68, 0, 2, 90.20, 207281, 1511
2504, 0, 1, 256, 256, 9, 3.03%, 68, 0, 2, 92.66, 207746, 1511
2509, 0, 1, 256, 256, 9, 3.03%, 68, 0, 2, 91.45, 208202, 1511
2514, 0, 1, 256, 256, 9, 3.03%, 68, 0, 2, 91.43, 208661, 1511
2520, 0, 1, 257, 257, 9, 3.03%, 68, 0, 2, 87.69, 209119, 1511
2525, 0, 1, 257, 257, 9, 3.03%, 68, 0, 2, 93.20, 209597, 1511
2530, 0, 1, 257, 257, 9, 3.03%, 68, 0, 2, 87.16, 210028, 1511
2535, 0, 1, 257, 257, 9, 3.03%, 68, 0, 2, 86.74, 210455, 1511
2540, 0, 1, 257, 257, 9, 3.03%, 68, 0, 2, 87.14, 210907, 1511
2545, 0, 1, 257, 257, 9, 3.03%, 68, 0, 2, 91.73, 211374, 1511
2550, 0, 1, 257, 257, 9, 3.03%, 68, 0, 2, 90.19, 211830, 1511
2555, 0, 1, 257, 257, 9, 3.03%, 68, 0, 2, 82.96, 212244, 1511
2560, 0, 1, 257, 257, 9, 3.03%, 68, 0, 2, 87.57, 212676, 1511
2565, 0, 1, 257, 257, 9, 3.03%, 68, 0, 2, 83.49, 213096, 1511
2571, 0, 1, 258, 258, 9, 3.03%, 68, 0, 2, 89.82, 213549, 1511
2576, 0, 1, 258, 258, 9, 3.03%, 68, 0, 2, 88.26, 213989, 1511
2581, 0, 1, 258, 258, 9, 3.03%, 68, 0, 2, 86.51, 214430, 1511
2586, 0, 1, 258, 258, 9, 3.03%, 68, 0, 2, 88.26, 214878, 1511
2591, 0, 1, 258, 258, 9, 3.03%, 68, 0, 2, 91.76, 215343, 1511
2596, 0, 1, 258, 258, 9, 3.03%, 68, 0, 2, 84.27, 215784, 1511
2601, 0, 1, 258, 258, 9, 3.03%, 68, 0, 2, 89.78, 216235, 1511
2606, 0, 1, 258, 258, 9, 3.03%, 68, 0, 2, 86.93, 216668, 1511
2611, 0, 1, 258, 258, 9, 3.03%, 68, 0, 2, 92.53, 217138, 1511
2616, 0, 1, 258, 258, 9, 3.03%, 68, 0, 2, 88.02, 217572, 1511
2621, 0, 1, 258, 258, 9, 3.03%, 68, 0, 2, 80.36, 217980, 1511
2626, 0, 1, 258, 258, 9, 3.03%, 68, 0, 2, 86.00, 218415, 1511
2631, 0, 1, 258, 258, 9, 3.03%, 68, 0, 2, 77.53, 218788, 1511
2636, 0, 1, 258, 258, 9, 3.03%, 68, 0, 2, 98.27, 219232, 1511
2641, 0, 1, 258, 258, 9, 3.03%, 68, 0, 2, 91.01, 219685, 1511
2647, 0, 1, 259, 259, 9, 3.03%, 68, 0, 2, 42.66, 220044, 1511
2652, 0, 1, 259, 259, 9, 3.03%, 68, 0, 2, 77.61, 220469, 1511
2657, 0, 1, 259, 259, 9, 3.03%, 68, 0, 2, 86.69, 220924, 1511
2662, 0, 1, 259, 259, 9, 3.03%, 68, 0, 2, 95.04, 221421, 1511
2667, 0, 1, 259, 259, 9, 3.03%, 68, 0, 2, 96.88, 221928, 1511
2672, 0, 1, 259, 259, 9, 3.03%, 68, 0, 2, 95.03, 222404, 1511
2677, 0, 1, 259, 259, 9, 3.03%, 68, 0, 2, 95.88, 222887, 1511
2682, 0, 1, 259, 259, 9, 3.03%, 68, 0, 2, 90.82, 223332, 1511
2687, 0, 1, 259, 259, 9, 3.03%, 68, 0, 2, 88.56, 223768, 1511
2692, 0, 1, 259, 259, 9, 3.03%, 68, 0, 2, 93.71, 224241, 1511
2697, 0, 1, 259, 259, 9, 3.03%, 69, 0, 2, 87.26, 224667, 1511
2702, 0, 1, 259, 259, 9, 3.03%, 69, 0, 2, 89.50, 225119, 1511
2708, 0, 1, 259, 259, 9, 3.03%, 69, 0, 2, 89.44, 225572, 1511
2713, 0, 1, 259, 259, 9, 3.03%, 69, 0, 2, 83.52, 226006, 1511
2718, 0, 1, 259, 259, 9, 3.03%, 69, 0, 2, 81.58, 226421, 1511
2723, 0, 1, 259, 259, 9, 3.03%, 69, 0, 2, 92.66, 226910, 1511
2728, 0, 1, 259, 259, 9, 3.03%, 69, 0, 2, 86.63, 227334, 1511
2733, 0, 1, 259, 259, 9, 3.03%, 69, 0, 2, 94.51, 227834, 1511
2738, 0, 1, 259, 259, 9, 3.03%, 70, 0, 2, 90.03, 228299, 1511
2743, 0, 1, 259, 259, 9, 3.03%, 70, 0, 2, 88.68, 228752, 1511
2749, 0, 1, 259, 259, 9, 3.03%, 70, 0, 2, 83.60, 229176, 1511
2754, 0, 1, 259, 259, 9, 3.03%, 70, 0, 2, 90.31, 229650, 1511
2759, 0, 1, 259, 259, 9, 3.03%, 70, 0, 2, 90.80, 230121, 1511
2764, 0, 1, 259, 259, 9, 3.03%, 70, 0, 2, 86.02, 230546, 1511
2769, 0, 1, 259, 259, 9, 3.03%, 70, 0, 2, 91.33, 231021, 1511
2774, 0, 1, 259, 259, 9, 3.03%, 70, 0, 2, 96.18, 231516, 1511
2779, 0, 1, 260, 260, 9, 3.03%, 70, 0, 2, 93.95, 232005, 1511
2784, 0, 1, 260, 260, 9, 3.03%, 70, 0, 2, 95.00, 232480, 1511
2790, 0, 1, 260, 260, 9, 3.03%, 70, 0, 2, 99.01, 232988, 1511
2795, 0, 1, 268, 268, 9, 3.03%, 70, 0, 2, 94.39, 233445, 1511
2800, 0, 1, 273, 273, 9, 3.03%, 70, 0, 2, 88.92, 233891, 1513
2805, 0, 1, 276, 276, 9, 3.03%, 70, 0, 2, 88.05, 234319, 1513
2810, 0, 1, 281, 281, 9, 3.03%, 70, 0, 2, 85.42, 234754, 1513
2816, 0, 1, 283, 283, 9, 3.03%, 70, 0, 2, 80.31, 235176, 1513
2821, 0, 1, 283, 283, 9, 3.03%, 70, 0, 2, 86.11, 235621, 1513
2826, 0, 1, 283, 283, 9, 3.03%, 70, 0, 2, 83.92, 236032, 1513
2831, 0, 1, 283, 283, 9, 3.03%, 70, 0, 2, 87.35, 236484, 1513
2836, 0, 1, 283, 283, 9, 3.03%, 70, 0, 2, 88.23, 236933, 1513
2841, 0, 1, 284, 284, 9, 3.03%, 70, 0, 2, 94.79, 237351, 1513
2846, 0, 1, 285, 285, 9, 3.03%, 70, 0, 2, 88.13, 237781, 1513
2851, 0, 6, 285, 284, 40, 3.03%, 70, 0, 2, 82.93, 238214, 1513
2856, 0, 6, 285, 284, 40, 3.03%, 70, 0, 2, 70.26, 238562, 1513
2861, 0, 6, 285, 284, 40, 3.03%, 70, 0, 2, 67.46, 238893, 1513
2866, 0, 6, 285, 284, 40, 3.03%, 70, 0, 2, 64.42, 239224, 1513
2871, 0, 6, 285, 284, 40, 3.03%, 71, 0, 2, 75.99, 239594, 1513
2877, 0, 6, 286, 285, 40, 3.03%, 71, 0, 2, 75.90, 239985, 1513
2882, 0, 6, 286, 285, 40, 3.03%, 71, 0, 2, 74.29, 240366, 1513
2887, 0, 6, 286, 285, 40, 3.03%, 71, 0, 2, 74.94, 240763, 1513
2892, 0, 6, 286, 285, 40, 3.03%, 71, 0, 2, 74.21, 241133, 1513
2897, 0, 6, 286, 285, 40, 3.03%, 71, 0, 2, 72.66, 241495, 1513
2902, 0, 6, 286, 285, 40, 3.03%, 71, 0, 2, 74.91, 241865, 1513
2907, 0, 6, 286, 285, 40, 3.03%, 71, 0, 2, 72.98, 242219, 1513
2912, 0, 6, 286, 285, 40, 3.03%, 71, 0, 2, 69.92, 242570, 1513
2917, 0, 6, 286, 285, 40, 3.03%, 71, 0, 2, 66.73, 242901, 1513
2922, 0, 6, 286, 285, 40, 3.03%, 71, 0, 2, 63.53, 243221, 1513
2928, 0, 6, 286, 285, 40, 3.03%, 71, 0, 2, 66.65, 243558, 1513
2933, 0, 6, 286, 285, 40, 3.03%, 71, 0, 2, 81.16, 243952, 1513
2938, 0, 6, 286, 285, 40, 3.03%, 71, 0, 2, 71.45, 244298, 1513
2943, 0, 6, 286, 285, 40, 3.03%, 71, 0, 2, 70.75, 244660, 1513
2948, 0, 6, 286, 285, 40, 3.03%, 71, 0, 2, 67.17, 245002, 1513
2953, 0, 6, 286, 285, 40, 3.03%, 71, 0, 2, 63.93, 245295, 1513
2958, 0, 6, 286, 285, 40, 3.03%, 71, 0, 2, 69.08, 245660, 1513
2963, 0, 6, 286, 285, 40, 3.03%, 71, 0, 2, 74.87, 246034, 1513
2968, 0, 6, 286, 285, 40, 3.03%, 71, 0, 2, 68.72, 246386, 1513
2974, 0, 6, 286, 285, 40, 3.03%, 71, 0, 2, 73.21, 246766, 1513
2979, 0, 6, 286, 285, 40, 3.03%, 71, 0, 2, 71.97, 247110, 1513
2984, 0, 6, 286, 285, 40, 3.03%, 71, 0, 2, 67.63, 247446, 1513
2989, 0, 6, 286, 285, 40, 3.03%, 71, 0, 2, 66.34, 247778, 1513
2994, 0, 6, 287, 286, 40, 3.04%, 71, 0, 2, 63.67, 248107, 1515
2999, 0, 6, 287, 286, 40, 3.04%, 71, 0, 2, 71.71, 248487, 1515
3004, 0, 6, 287, 286, 40, 3.04%, 71, 0, 2, 67.85, 248838, 1515
3009, 0, 6, 287, 286, 40, 3.04%, 71, 0, 2, 69.23, 249195, 1515
3014, 0, 6, 287, 286, 40, 3.04%, 71, 0, 2, 69.23, 249545, 1515
3019, 0, 6, 287, 286, 40, 3.04%, 71, 0, 2, 73.68, 249912, 1515
3024, 0, 6, 287, 286, 40, 3.04%, 71, 0, 2, 80.60, 250262, 1515
3029, 0, 6, 287, 286, 40, 3.04%, 71, 0, 2, 77.35, 250644, 1515
3034, 0, 6, 287, 286, 40, 3.04%, 71, 0, 2, 69.06, 250973, 1515
3040, 0, 6, 287, 286, 40, 3.04%, 71, 0, 2, 71.79, 251347, 1515
3045, 0, 6, 287, 286, 40, 3.04%, 71, 0, 2, 78.17, 251716, 1515
3050, 0, 6, 287, 286, 40, 3.04%, 71, 0, 2, 71.93, 252056, 1515
3055, 0, 6, 287, 286, 40, 3.04%, 71, 0, 2, 72.11, 252430, 1515
3060, 0, 6, 287, 286, 40, 3.04%, 71, 0, 2, 74.12, 252813, 1515
3065, 0, 6, 287, 286, 40, 3.04%, 71, 0, 2, 69.98, 253176, 1515
3070, 0, 6, 287, 286, 40, 3.04%, 71, 0, 2, 71.76, 253552, 1515
3075, 0, 6, 287, 286, 40, 3.04%, 71, 0, 2, 69.83, 253898, 1515
3080, 0, 6, 287, 286, 40, 3.04%, 71, 0, 2, 67.61, 254248, 1515
3085, 0, 6, 287, 286, 40, 3.04%, 71, 0, 2, 71.01, 254617, 1515
3090, 0, 6, 287, 286, 40, 3.04%, 71, 0, 2, 66.65, 254948, 1515
3095, 0, 6, 287, 286, 40, 3.04%, 71, 0, 2, 64.72, 255281, 1515
3100, 0, 6, 287, 286, 40, 3.04%, 71, 0, 2, 68.45, 255629, 1515
3106, 0, 6, 287, 286, 40, 3.04%, 71, 0, 2, 66.70, 255965, 1515
3111, 0, 6, 287, 286, 40, 3.04%, 71, 0, 2, 68.56, 256324, 1515
3116, 0, 6, 287, 286, 40, 3.04%, 71, 0, 2, 61.39, 256629, 1515
3121, 0, 6, 287, 286, 40, 3.04%, 71, 0, 2, 68.11, 256983, 1515
3126, 0, 6, 287, 286, 40, 3.04%, 71, 0, 2, 66.55, 257326, 1515
3131, 0, 6, 287, 286, 40, 3.04%, 71, 0, 2, 91.60, 257673, 1515
3136, 0, 6, 287, 286, 40, 3.04%, 71, 0, 2, 69.86, 257986, 1515
3141, 0, 6, 287, 286, 40, 3.04%, 71, 0, 2, 72.69, 258367, 1515
3146, 0, 6, 287, 286, 40, 3.04%, 71, 0, 2, 69.71, 258708, 1515
3151, 0, 6, 287, 286, 40, 3.04%, 71, 0, 2, 62.28, 259018, 1515
3157, 0, 6, 287, 286, 40, 3.04%, 71, 0, 2, 68.82, 259379, 1515
3162, 0, 6, 287, 286, 40, 3.04%, 71, 0, 2, 66.91, 259715, 1515
3167, 0, 6, 287, 286, 40, 3.04%, 71, 0, 2, 66.42, 260053, 1515
3172, 0, 6, 287, 286, 40, 3.04%, 71, 0, 2, 64.72, 260383, 1515
3177, 0, 6, 287, 286, 40, 3.04%, 71, 0, 2, 66.84, 260728, 1515
3182, 0, 6, 287, 286, 40, 3.04%, 71, 0, 2, 66.12, 261067, 1515
3187, 0, 6, 287, 286, 40, 3.04%, 71, 0, 2, 68.59, 261416, 1515
3192, 0, 6, 288, 287, 40, 3.04%, 71, 0, 2, 66.40, 261750, 1517
3197, 0, 6, 288, 287, 40, 3.04%, 71, 0, 2, 63.32, 262073, 1517
3202, 0, 6, 288, 287, 40, 3.04%, 71, 0, 2, 65.08, 262391, 1517
3208, 0, 6, 288, 287, 40, 3.04%, 71, 0, 2, 62.12, 262696, 1517
3213, 0, 6, 288, 287, 40, 3.04%, 71, 0, 2, 127.28, 263286, 1517
3218, 0, 6, 288, 287, 40, 3.04%, 71, 0, 2, 52.86, 263628, 1517
3223, 0, 6, 288, 287, 40, 3.04%, 71, 0, 2, 67.95, 263935, 1517
3228, 0, 6, 288, 287, 40, 3.04%, 71, 0, 2, 68.33, 264272, 1517
3233, 0, 6, 288, 287, 40, 3.04%, 71, 0, 2, 67.46, 264621, 1517
3238, 0, 6, 288, 287, 40, 3.04%, 71, 0, 2, 79.61, 265075, 1517
3243, 0, 6, 288, 287, 40, 3.04%, 71, 0, 2, 69.39, 265406, 1517
3248, 0, 6, 288, 287, 40, 3.04%, 71, 0, 2, 65.97, 265730, 1517
3253, 0, 6, 288, 287, 40, 3.04%, 71, 0, 2, 66.06, 266067, 1517
3258, 0, 6, 288, 287, 40, 3.04%, 71, 0, 2, 66.19, 266394, 1517
3264, 0, 6, 288, 287, 40, 3.04%, 71, 0, 2, 64.79, 266718, 1517
3269, 0, 6, 288, 287, 40, 3.04%, 71, 0, 2, 66.30, 267038, 1517
3274, 0, 6, 288, 287, 40, 3.04%, 71, 0, 2, 99.83, 267494, 1517
3279, 0, 6, 288, 287, 40, 3.04%, 71, 0, 2, 72.82, 267818, 1517
3284, 0, 6, 288, 287, 40, 3.04%, 71, 0, 2, 69.31, 268159, 1517
3289, 0, 6, 288, 287, 40, 3.04%, 71, 0, 2, 65.82, 268492, 1517
3294, 0, 6, 288, 287, 40, 3.04%, 71, 0, 2, 82.25, 268938, 1517
3299, 0, 6, 288, 287, 40, 3.04%, 71, 0, 2, 65.21, 269262, 1517
3304, 0, 6, 288, 287, 40, 3.04%, 71, 0, 2, 61.35, 269584, 1517
3309, 0, 6, 288, 287, 40, 3.04%, 71, 0, 2, 87.45, 270037, 1517
3314, 0, 6, 288, 287, 40, 3.04%, 71, 0, 2, 69.49, 270349, 1517
3319, 0, 6, 288, 287, 40, 3.04%, 71, 0, 2, 64.50, 270667, 1517
3325, 0, 6, 288, 287, 40, 3.04%, 71, 0, 2, 66.25, 271003, 1517
3330, 0, 6, 288, 287, 40, 3.04%, 71, 0, 2, 68.66, 271359, 1517
3335, 0, 6, 288, 287, 40, 3.04%, 71, 0, 2, 73.57, 271751, 1517
3340, 0, 6, 288, 287, 40, 3.04%, 71, 0, 2, 75.21, 272121, 1517
3345, 0, 6, 288, 287, 40, 3.04%, 71, 0, 2, 97.81, 272600, 1517
3350, 0, 6, 288, 287, 40, 3.04%, 71, 0, 2, 73.06, 272928, 1517
3355, 0, 6, 288, 287, 40, 3.04%, 71, 0, 2, 66.75, 273262, 1517
3360, 0, 6, 288, 287, 40, 3.04%, 71, 0, 2, 100.60, 273764, 1517
3365, 0, 6, 288, 287, 40, 3.04%, 71, 0, 2, 75.64, 274111, 1517
3371, 0, 6, 288, 287, 40, 3.04%, 71, 0, 2, 76.11, 274506, 1517
3376, 0, 6, 288, 287, 40, 3.04%, 71, 0, 2, 71.38, 274865, 1517
3381, 0, 6, 288, 287, 40, 3.04%, 71, 0, 2, 75.81, 275264, 1517
3386, 0, 6, 288, 287, 40, 3.04%, 71, 0, 2, 68.48, 275605, 1517
3391, 0, 6, 288, 287, 40, 3.04%, 71, 0, 2, 70.33, 275960, 1517
3396, 0, 6, 288, 287, 40, 3.04%, 71, 0, 2, 87.66, 276421, 1517
3401, 0, 6, 288, 287, 40, 3.04%, 71, 0, 2, 69.07, 276749, 1517
3406, 0, 6, 288, 287, 40, 3.04%, 71, 0, 2, 67.63, 277101, 1517
3412, 0, 6, 288, 287, 40, 3.04%, 71, 0, 2, 66.68, 277444, 1517
3417, 0, 6, 288, 287, 40, 3.04%, 71, 0, 2, 72.99, 277878, 1517
3422, 0, 6, 288, 287, 40, 3.04%, 71, 0, 2, 66.19, 278192, 1517
3427, 0, 6, 288, 287, 40, 3.04%, 71, 0, 2, 63.62, 278520, 1517
3432, 0, 6, 288, 287, 40, 3.04%, 71, 0, 2, 80.53, 278969, 1517
3437, 0, 6, 288, 287, 40, 3.04%, 71, 0, 2, 73.40, 279326, 1517
3442, 0, 6, 288, 287, 40, 3.04%, 71, 0, 2, 85.71, 279674, 1517
3447, 0, 6, 288, 287, 40, 3.04%, 71, 0, 2, 72.17, 280023, 1517
3452, 0, 6, 288, 287, 40, 3.04%, 71, 0, 2, 51.56, 280288, 1517
3457, 0, 6, 288, 287, 40, 3.04%, 71, 0, 2, 59.19, 280585, 1517
3462, 0, 6, 288, 287, 40, 3.04%, 71, 0, 2, 57.07, 280886, 1517
3468, 0, 6, 288, 287, 40, 3.04%, 71, 0, 2, 63.35, 281210, 1517
3473, 0, 6, 288, 287, 40, 3.04%, 71, 0, 2, 74.39, 281657, 1517
3478, 0, 6, 288, 287, 40, 3.04%, 71, 0, 2, 67.83, 281981, 1517
3483, 0, 6, 288, 287, 40, 3.04%, 71, 0, 2, 66.38, 282324, 1517
3488, 0, 6, 288, 287, 40, 3.04%, 71, 0, 2, 88.43, 282753, 1517
3493, 0, 6, 288, 287, 40, 3.04%, 71, 0, 2, 70.30, 283086, 1517
3498, 0, 6, 288, 287, 40, 3.04%, 71, 0, 2, 68.34, 283419, 1517
3503, 0, 6, 288, 287, 40, 3.04%, 71, 0, 2, 64.03, 283740, 1517
3508, 0, 6, 288, 287, 40, 3.04%, 71, 0, 2, 77.09, 284121, 1517
3513, 0, 6, 288, 287, 40, 3.04%, 71, 0, 2, 68.31, 284446, 1517
3518, 0, 6, 288, 287, 40, 3.04%, 71, 0, 2, 67.90, 284785, 1517
3524, 0, 6, 288, 287, 40, 3.04%, 71, 0, 2, 65.01, 285109, 1517
3529, 0, 6, 288, 287, 40, 3.04%, 71, 0, 2, 65.63, 285432, 1517
3534, 0, 6, 288, 287, 40, 3.04%, 71, 0, 2, 65.47, 285755, 1517
3539, 0, 6, 288, 287, 40, 3.04%, 71, 0, 2, 65.12, 286073, 1517
3544, 0, 6, 288, 287, 40, 3.04%, 71, 0, 2, 66.91, 286426, 1517
3549, 0, 6, 288, 287, 40, 3.04%, 71, 0, 2, 66.46, 286751, 1517
3554, 0, 6, 288, 287, 40, 3.04%, 71, 0, 2, 78.58, 287144, 1517
3559, 0, 6, 288, 287, 40, 3.04%, 71, 0, 2, 76.44, 287540, 1517
3564, 0, 6, 288, 287, 40, 3.04%, 71, 0, 2, 74.03, 287909, 1517
3570, 0, 6, 288, 287, 40, 3.04%, 71, 0, 2, 78.58, 288314, 1517
3575, 0, 6, 288, 287, 40, 3.04%, 71, 0, 2, 75.81, 288688, 1517
3580, 0, 6, 288, 287, 40, 3.04%, 71, 0, 2, 71.22, 289047, 1517
3585, 0, 6, 288, 287, 40, 3.04%, 71, 0, 2, 78.83, 289415, 1517
3590, 0, 6, 288, 287, 40, 3.04%, 71, 0, 2, 69.83, 289747, 1517
3595, 0, 6, 288, 287, 40, 3.04%, 71, 0, 2, 65.76, 290068, 1517
3600, 0, 6, 288, 287, 40, 3.04%, 71, 0, 2, 63.99, 290394, 1517
3605, 0, 6, 288, 287, 40, 3.04%, 71, 0, 2, 63.34, 290722, 1517
3610, 0, 6, 288, 287, 40, 3.04%, 71, 0, 2, 65.77, 291072, 1517
3615, 0, 6, 288, 287, 40, 3.04%, 71, 0, 2, 68.11, 291439, 1517
3620, 0, 6, 288, 287, 40, 3.04%, 71, 0, 2, 61.57, 291744, 1517
3626, 0, 6, 288, 287, 40, 3.04%, 71, 0, 2, 65.43, 292086, 1517
3631, 0, 6, 288, 287, 40, 3.04%, 71, 0, 2, 65.85, 292419, 1517
3636, 0, 6, 288, 287, 40, 3.04%, 71, 0, 2, 68.67, 292767, 1517
3641, 0, 6, 288, 287, 40, 3.04%, 71, 0, 2, 68.03, 293109, 1517
3646, 0, 6, 288, 287, 40, 3.04%, 71, 0, 2, 64.96, 293443, 1517
3651, 0, 6, 288, 287, 40, 3.04%, 71, 0, 2, 64.49, 293779, 1517
3656, 0, 6, 288, 287, 40, 3.04%, 71, 0, 2, 91.73, 294273, 1517
3661, 0, 6, 288, 287, 40, 3.04%, 71, 0, 2, 70.36, 294597, 1517
3666, 0, 6, 288, 287, 40, 3.04%, 71, 0, 2, 75.31, 294940, 1517
3671, 0, 6, 288, 287, 40, 3.04%, 71, 0, 2, 70.97, 295307, 1517
3676, 0, 6, 288, 287, 40, 3.04%, 71, 0, 2, 65.86, 295630, 1517
3682, 0, 6, 288, 287, 40, 3.04%, 71, 0, 2, 67.33, 295971, 1517
3687, 0, 6, 288, 287, 40, 3.04%, 71, 0, 2, 73.90, 296352, 1517
3692, 0, 6, 288, 287, 40, 3.04%, 71, 0, 2, 68.78, 296697, 1517
3697, 0, 6, 288, 287, 40, 3.04%, 71, 0, 2, 71.39, 297085, 1517
3702, 0, 6, 288, 287, 40, 3.04%, 71, 0, 2, 79.71, 297470, 1517
3707, 0, 6, 288, 287, 40, 3.04%, 71, 0, 2, 74.63, 297812, 1517
3712, 0, 6, 288, 287, 40, 3.04%, 71, 0, 2, 69.75, 298156, 1517
3717, 0, 6, 288, 287, 40, 3.04%, 71, 0, 2, 70.97, 298514, 1517
3723, 0, 6, 288, 287, 40, 3.04%, 71, 0, 2, 78.03, 298927, 1517
3728, 0, 6, 288, 287, 40, 3.04%, 71, 0, 2, 83.67, 299335, 1517
3733, 0, 6, 288, 287, 40, 3.04%, 71, 0, 2, 71.26, 299678, 1517
3738, 0, 6, 288, 287, 40, 3.04%, 71, 0, 2, 66.45, 300004, 1517
3743, 0, 6, 288, 287, 40, 3.04%, 71, 0, 2, 61.76, 300316, 1517
3748, 0, 6, 288, 287, 40, 3.04%, 71, 0, 2, 76.65, 300711, 1517
3753, 0, 6, 288, 287, 40, 3.04%, 71, 0, 2, 72.88, 301067, 1517
3759, 0, 6, 288, 287, 40, 3.04%, 71, 0, 2, 73.70, 301474, 1517
3764, 0, 6, 288, 287, 40, 3.04%, 71, 0, 2, 82.73, 301905, 1517
3769, 0, 6, 288, 287, 40, 3.04%, 71, 0, 2, 73.02, 302269, 1517
3774, 0, 6, 288, 287, 40, 3.04%, 71, 0, 2, 82.02, 302628, 1517
3779, 0, 6, 288, 287, 40, 3.04%, 71, 0, 2, 69.87, 302975, 1517
3784, 0, 6, 288, 287, 40, 3.04%, 71, 0, 2, 70.80, 303360, 1517
3790, 0, 6, 288, 287, 40, 3.04%, 71, 0, 2, 76.11, 303730, 1517
3795, 0, 6, 288, 287, 40, 3.04%, 71, 0, 2, 70.76, 304080, 1517
3800, 0, 6, 288, 287, 40, 3.04%, 71, 0, 2, 65.92, 304406, 1517
3805, 0, 6, 288, 287, 40, 3.04%, 71, 0, 2, 65.92, 304725, 1517
3810, 0, 6, 288, 287, 40, 3.04%, 71, 0, 2, 62.52, 305033, 1517
3815, 0, 6, 288, 287, 40, 3.04%, 71, 0, 2, 65.09, 305366, 1517
3820, 0, 6, 288, 287, 40, 3.04%, 71, 0, 2, 65.54, 305704, 1517
3825, 0, 6, 288, 287, 40, 3.04%, 71, 0, 2, 67.33, 306053, 1517
3830, 0, 6, 288, 287, 40, 3.04%, 71, 0, 2, 65.16, 306371, 1517
3835, 0, 6, 288, 287, 40, 3.04%, 71, 0, 2, 66.44, 306705, 1517
3841, 0, 6, 288, 287, 40, 3.04%, 71, 0, 2, 64.12, 307025, 1517
3846, 0, 6, 288, 287, 40, 3.04%, 71, 0, 2, 67.35, 307372, 1517
3851, 0, 6, 288, 287, 40, 3.04%, 71, 0, 2, 67.17, 307710, 1517
3856, 0, 6, 288, 287, 40, 3.04%, 71, 0, 2, 66.30, 308044, 1517
3861, 0, 6, 288, 287, 40, 3.04%, 71, 0, 2, 67.40, 308386, 1517
3866, 0, 6, 288, 287, 40, 3.04%, 71, 0, 2, 67.37, 308730, 1517
3871, 0, 6, 288, 287, 40, 3.04%, 71, 0, 2, 62.50, 309044, 1517
3876, 0, 6, 288, 287, 40, 3.04%, 71, 0, 2, 62.69, 309356, 1517
3881, 0, 6, 288, 287, 40, 3.04%, 71, 0, 2, 63.53, 309682, 1517
3886, 0, 6, 288, 287, 40, 3.04%, 71, 0, 2, 66.81, 310024, 1517
3891, 0, 6, 288, 287, 40, 3.04%, 71, 0, 2, 64.83, 310343, 1517
3897, 0, 6, 288, 287, 40, 3.04%, 71, 0, 2, 64.83, 310659, 1517
3902, 0, 6, 288, 287, 40, 3.04%, 71, 0, 2, 68.17, 311001, 1517
3907, 0, 6, 288, 287, 40, 3.04%, 71, 0, 2, 67.78, 311340, 1517
3912, 0, 6, 288, 287, 40, 3.04%, 71, 0, 2, 68.13, 311681, 1517
3917, 0, 6, 288, 287, 40, 3.04%, 71, 0, 2, 117.38, 312322, 1517
3922, 0, 6, 288, 287, 40, 3.04%, 71, 0, 2, 74.60, 312650, 1517
3927, 0, 6, 288, 287, 40, 3.04%, 71, 0, 2, 71.13, 313004, 1517
3932, 0, 6, 288, 287, 40, 3.04%, 71, 0, 2, 67.63, 313340, 1517
3937, 0, 6, 288, 287, 40, 3.04%, 71, 0, 2, 69.63, 313725, 1517
3942, 0, 6, 288, 287, 40, 3.04%, 71, 0, 2, 67.06, 314051, 1517
3947, 0, 6, 288, 287, 40, 3.04%, 71, 0, 2, 65.79, 314380, 1517
3953, 0, 6, 288, 287, 40, 3.04%, 71, 0, 2, 74.50, 314726, 1517
3958, 0, 6, 288, 287, 40, 3.04%, 71, 0, 2, 65.49, 315042, 1517
3963, 0, 6, 288, 287, 40, 3.04%, 71, 0, 2, 68.27, 315391, 1517
3968, 0, 6, 288, 287, 40, 3.04%, 71, 0, 2, 73.03, 315795, 1517
3973, 0, 6, 288, 287, 40, 3.04%, 71, 0, 2, 67.91, 316132, 1517
3978, 0, 6, 288, 287, 40, 3.04%, 71, 0, 2, 61.81, 316437, 1517
3983, 0, 6, 288, 287, 40, 3.04%, 71, 0, 2, 65.24, 316788, 1517
3988, 0, 6, 288, 287, 40, 3.04%, 71, 0, 2, 65.56, 317137, 1517
3993, 0, 6, 288, 287, 40, 3.04%, 71, 0, 2, 79.93, 317528, 1517
3998, 0, 6, 288, 287, 40, 3.04%, 71, 0, 2, 70.38, 317877, 1517
4003, 0, 6, 288, 287, 40, 3.04%, 71, 0, 2, 71.85, 318238, 1517
4009, 0, 6, 288, 287, 40, 3.04%, 71, 0, 2, 67.80, 318588, 1517
4014, 0, 6, 288, 287, 40, 3.04%, 71, 0, 2, 58.73, 318887, 1517
4019, 0, 6, 288, 287, 40, 3.04%, 71, 0, 2, 62.02, 319191, 1517
4024, 0, 6, 288, 287, 40, 3.04%, 71, 0, 2, 76.26, 319565, 1517
4029, 0, 6, 288, 287, 40, 3.04%, 71, 0, 2, 69.63, 319903, 1517
4034, 0, 6, 288, 287, 40, 3.04%, 71, 0, 2, 67.84, 320236, 1517
4039, 0, 6, 288, 287, 40, 3.04%, 71, 0, 2, 74.90, 320636, 1517
4044, 0, 6, 288, 287, 40, 3.04%, 71, 0, 2, 73.63, 321016, 1517
4049, 0, 6, 288, 287, 40, 3.04%, 71, 0, 2, 70.79, 321382, 1517
4054, 0, 6, 288, 287, 40, 3.04%, 71, 0, 2, 67.81, 321720, 1517
4059, 0, 6, 288, 287, 40, 3.04%, 71, 0, 2, 67.89, 322067, 1517
4064, 0, 6, 288, 287, 40, 3.04%, 71, 0, 2, 69.71, 322420, 1517
4069, 0, 6, 288, 287, 40, 3.04%, 71, 0, 2, 37.99, 322804, 1517
4075, 0, 6, 288, 287, 40, 3.04%, 71, 0, 2, 62.39, 323145, 1517
4080, 0, 6, 288, 287, 40, 3.04%, 71, 0, 2, 78.57, 323531, 1517
4085, 0, 6, 288, 287, 40, 3.04%, 71, 0, 2, 66.46, 323860, 1517
4090, 0, 6, 288, 287, 40, 3.04%, 71, 0, 2, 66.96, 324194, 1517
4095, 0, 6, 288, 287, 40, 3.04%, 71, 0, 2, 78.56, 324619, 1517
4100, 0, 6, 288, 287, 40, 3.04%, 71, 0, 2, 68.39, 324952, 1517
4105, 0, 6, 288, 287, 40, 3.04%, 71, 0, 2, 46.21, 325160, 1517
4110, 0, 6, 288, 287, 40, 3.04%, 71, 0, 2, 58.40, 325461, 1517
4115, 0, 6, 288, 287, 40, 3.04%, 71, 0, 2, 62.73, 325777, 1517
4120, 0, 6, 288, 287, 40, 3.04%, 71, 0, 2, 66.61, 326123, 1517
4126, 0, 6, 288, 287, 40, 3.04%, 71, 0, 2, 77.80, 326498, 1517
4131, 0, 6, 288, 287, 40, 3.04%, 71, 0, 2, 72.16, 326875, 1517
4136, 0, 6, 288, 287, 40, 3.04%, 71, 0, 2, 64.13, 327187, 1517
4141, 0, 6, 288, 287, 40, 3.04%, 71, 0, 2, 81.47, 327586, 1517
4146, 0, 6, 288, 287, 40, 3.04%, 71, 0, 2, 71.22, 327928, 1517
4151, 0, 6, 288, 287, 40, 3.04%, 71, 0, 2, 62.97, 328240, 1517
4156, 0, 6, 288, 287, 40, 3.04%, 71, 0, 2, 60.89, 328545, 1517
4161, 0, 6, 288, 287, 40, 3.04%, 71, 0, 2, 57.98, 328838, 1517
4166, 0, 6, 288, 287, 40, 3.04%, 71, 0, 2, 62.15, 329164, 1517
4171, 0, 6, 288, 287, 40, 3.04%, 71, 0, 2, 66.67, 329514, 1517
4177, 0, 6, 288, 287, 40, 3.04%, 71, 0, 2, 105.78, 329944, 1517
4182, 0, 6, 288, 287, 40, 3.04%, 71, 0, 2, 50.91, 330400, 1517
4187, 0, 6, 288, 287, 40, 3.04%, 71, 0, 2, 76.09, 330780, 1517
4192, 0, 6, 288, 287, 40, 3.04%, 71, 0, 2, 72.32, 331145, 1517
4197, 0, 6, 288, 287, 40, 3.04%, 71, 0, 2, 80.51, 331538, 1517
4202, 0, 6, 288, 287, 40, 3.04%, 71, 0, 2, 79.76, 331915, 1517
4207, 0, 6, 288, 287, 40, 3.04%, 71, 0, 2, 70.69, 332246, 1517
4212, 0, 6, 288, 287, 40, 3.04%, 71, 0, 2, 76.60, 332660, 1517
4218, 0, 6, 288, 287, 40, 3.04%, 71, 0, 2, 82.62, 333048, 1517
4223, 0, 6, 288, 287, 40, 3.04%, 71, 0, 2, 76.83, 333438, 1517
4228, 0, 6, 288, 287, 40, 3.04%, 71, 0, 2, 71.36, 333790, 1517
4233, 0, 6, 288, 287, 40, 3.04%, 71, 0, 2, 70.32, 334129, 1517
4238, 0, 6, 288, 287, 40, 3.04%, 71, 0, 2, 69.41, 334473, 1517
4243, 0, 6, 288, 287, 40, 3.04%, 71, 0, 2, 65.92, 334802, 1517
4248, 0, 6, 288, 287, 40, 3.04%, 71, 0, 2, 68.75, 335159, 1517
4253, 0, 6, 288, 287, 40, 3.04%, 71, 0, 2, 69.28, 335505, 1517
4258, 0, 6, 288, 287, 40, 3.04%, 71, 0, 2, 70.42, 335851, 1517
4263, 0, 6, 288, 287, 40, 3.04%, 71, 0, 2, 73.93, 336224, 1517
4268, 0, 6, 288, 287, 40, 3.04%, 71, 0, 2, 85.26, 336645, 1517
4273, 0, 6, 288, 287, 40, 3.04%, 71, 0, 2, 70.44, 336976, 1517
4278, 0, 6, 288, 287, 40, 3.04%, 71, 0, 2, 69.22, 337327, 1517
4283, 0, 6, 288, 287, 40, 3.04%, 71, 0, 2, 67.08, 337662, 1517
4288, 0, 6, 288, 287, 40, 3.04%, 71, 0, 2, 65.33, 337990, 1517
4294, 0, 6, 288, 287, 40, 3.04%, 71, 0, 2, 72.18, 338383, 1517
4299, 0, 6, 288, 287, 40, 3.04%, 71, 0, 2, 77.65, 338763, 1517
4304, 0, 6, 288, 287, 40, 3.04%, 71, 0, 2, 13.33, 339108, 1517
4309, 0, 6, 288, 287, 40, 3.04%, 71, 0, 2, 68.59, 339478, 1517
4314, 0, 6, 288, 287, 40, 3.04%, 71, 0, 2, 68.64, 339839, 1517
4319, 0, 6, 288, 287, 40, 3.04%, 71, 0, 2, 236.14, 340236, 1517
4324, 0, 6, 288, 287, 40, 3.04%, 71, 0, 2, 108.63, 340616, 1517
4330, 0, 6, 288, 287, 40, 3.04%, 71, 0, 2, 80.57, 341005, 1517
4335, 0, 6, 288, 287, 40, 3.04%, 71, 0, 2, 76.76, 341388, 1517
4340, 0, 6, 288, 287, 40, 3.04%, 71, 0, 2, 85.00, 341813, 1517
4345, 0, 6, 288, 287, 40, 3.04%, 71, 0, 2, 83.85, 342203, 1517
4350, 0, 6, 288, 287, 40, 3.04%, 71, 0, 2, 74.33, 342570, 1517
4355, 0, 6, 288, 287, 40, 3.04%, 71, 0, 2, 87.75, 342981, 1517
4360, 0, 6, 288, 287, 40, 3.04%, 71, 0, 2, 77.45, 343357, 1517
4365, 0, 6, 288, 287, 40, 3.04%, 71, 0, 2, 82.54, 343747, 1517
4371, 0, 6, 288, 287, 40, 3.04%, 71, 0, 2, 73.77, 344113, 1517
4376, 0, 6, 288, 287, 40, 3.04%, 71, 0, 2, 75.02, 344504, 1517
4381, 0, 6, 289, 288, 40, 3.04%, 71, 0, 2, 83.12, 344919, 1517
4386, 0, 6, 292, 291, 40, 3.04%, 71, 0, 2, 83.31, 345337, 1517
4391, 0, 6, 293, 292, 40, 3.04%, 72, 0, 2, 83.69, 345762, 1517
4396, 0, 6, 293, 292, 40, 3.04%, 72, 0, 2, 91.05, 346248, 1517
4401, 0, 6, 293, 292, 40, 3.04%, 72, 0, 2, 91.88, 346723, 1517
4406, 0, 6, 293, 292, 40, 3.04%, 72, 0, 2, 90.15, 347178, 1517
4411, 0, 6, 293, 292, 40, 3.04%, 72, 0, 2, 84.71, 347604, 1517
4416, 0, 6, 293, 292, 40, 3.04%, 73, 0, 2, 83.57, 348039, 1517
4422, 0, 6, 293, 292, 40, 3.04%, 73, 0, 2, 83.43, 348461, 1517
4427, 0, 6, 293, 292, 40, 3.04%, 73, 0, 2, 90.23, 348942, 1517
4432, 0, 6, 293, 292, 40, 3.04%, 73, 0, 2, 88.03, 349382, 1517
4437, 0, 6, 293, 292, 40, 3.04%, 73, 0, 2, 98.75, 349894, 1517
4442, 0, 6, 293, 292, 40, 3.04%, 73, 0, 2, 95.15, 350383, 1517
4447, 0, 6, 293, 292, 40, 3.04%, 73, 0, 2, 95.63, 350864, 1517
4452, 0, 6, 293, 292, 40, 3.04%, 73, 0, 2, 122.97, 351357, 1517
4457, 0, 6, 294, 293, 40, 3.04%, 73, 0, 2, 99.08, 351831, 1517
4462, 0, 6, 294, 293, 40, 3.04%, 73, 0, 2, 93.73, 352273, 1517
4468, 0, 6, 295, 294, 40, 3.04%, 73, 0, 2, 101.77, 352791, 1517
4473, 0, 6, 295, 294, 40, 3.04%, 73, 0, 2, 101.06, 353281, 1517
4478, 0, 6, 295, 294, 40, 3.04%, 73, 0, 2, 98.87, 353775, 1517
4483, 0, 6, 295, 294, 40, 3.04%, 73, 0, 2, 99.86, 354271, 1517
4488, 0, 6, 295, 294, 40, 3.04%, 73, 0, 2, 96.75, 354766, 1517
4493, 0, 6, 296, 295, 40, 3.04%, 73, 0, 2, 100.10, 355241, 1518
4498, 0, 6, 297, 296, 40, 3.04%, 73, 0, 2, 101.12, 355755, 1518
4503, 0, 6, 297, 296, 40, 3.04%, 73, 0, 2, 93.88, 356216, 1518
4509, 0, 6, 297, 296, 40, 3.04%, 73, 0, 2, 99.29, 356725, 1518
4514, 0, 6, 298, 297, 40, 3.05%, 73, 0, 2, 101.70, 357243, 1522
4519, 0, 6, 299, 298, 40, 3.05%, 73, 0, 2, 19.89, 357729, 1524
4524, 0, 6, 300, 299, 40, 3.06%, 73, 0, 2, 107.77, 358243, 1525
4529, 0, 6, 300, 299, 40, 3.06%, 73, 0, 2, 103.22, 358751, 1525
4534, 0, 6, 300, 299, 40, 3.06%, 73, 0, 2, 103.06, 359287, 1525
4539, 0, 6, 300, 299, 40, 3.06%, 73, 0, 2, 96.57, 359781, 1525
4545, 0, 6, 300, 299, 40, 3.06%, 73, 0, 2, 98.67, 360293, 1525
4550, 0, 6, 300, 299, 40, 3.06%, 73, 0, 2, 100.35, 360811, 1525
4555, 0, 6, 300, 299, 40, 3.06%, 73, 0, 2, 87.42, 361245, 1525
4560, 0, 6, 300, 299, 40, 3.06%, 73, 0, 2, 84.97, 361669, 1525
4565, 0, 6, 300, 299, 40, 3.06%, 73, 0, 2, 90.86, 362130, 1525
4570, 0, 6, 300, 299, 40, 3.06%, 73, 0, 2, 100.61, 362595, 1525
4575, 0, 6, 300, 299, 40, 3.06%, 73, 0, 2, 89.88, 363010, 1525
4580, 0, 6, 300, 299, 40, 3.06%, 73, 0, 2, 93.63, 363477, 1525
4585, 0, 6, 300, 299, 40, 3.06%, 73, 0, 2, 85.46, 363917, 1525
4590, 0, 6, 300, 299, 40, 3.06%, 73, 0, 2, 90.33, 364394, 1525
4596, 0, 6, 300, 299, 40, 3.06%, 73, 0, 2, 93.16, 364887, 1525
4601, 0, 6, 301, 300, 40, 3.06%, 73, 0, 2, 86.71, 365335, 1525
4606, 0, 6, 301, 300, 40, 3.06%, 73, 0, 2, 91.59, 365823, 1525
4611, 0, 6, 301, 300, 40, 3.06%, 73, 0, 2, 89.81, 366289, 1525
4616, 0, 6, 301, 300, 40, 3.06%, 73, 0, 2, 95.99, 366794, 1525
4622, 0, 6, 301, 300, 40, 3.06%, 73, 0, 2, 99.10, 367291, 1525
4627, 0, 6, 301, 300, 40, 3.06%, 73, 0, 2, 110.77, 367755, 1525
4632, 0, 6, 301, 300, 40, 3.06%, 73, 0, 2, 102.53, 368261, 1525
4637, 0, 6, 301, 300, 40, 3.06%, 73, 0, 2, 95.85, 368742, 1525
4642, 0, 6, 301, 300, 40, 3.06%, 73, 0, 2, 93.15, 369209, 1525
4647, 0, 6, 301, 300, 40, 3.06%, 73, 0, 2, 92.69, 369705, 1525
4652, 0, 6, 301, 300, 40, 3.06%, 73, 0, 2, 94.21, 370187, 1525
4657, 0, 6, 301, 300, 40, 3.06%, 73, 0, 2, 88.97, 370621, 1525
4662, 0, 6, 302, 301, 40, 3.06%, 73, 0, 2, 92.77, 371097, 1525
4667, 0, 6, 303, 302, 40, 3.06%, 74, 0, 2, 85.77, 371514, 1525
4673, 0, 6, 303, 302, 40, 3.06%, 74, 0, 2, 87.57, 371972, 1525
4678, 0, 6, 303, 302, 40, 3.06%, 74, 0, 2, 90.85, 372430, 1525
4683, 0, 6, 303, 302, 40, 3.06%, 74, 0, 2, 94.73, 372907, 1525
4688, 0, 6, 303, 302, 40, 3.06%, 74, 0, 2, 50.14, 373401, 1525
4693, 0, 6, 304, 303, 40, 3.07%, 74, 0, 2, 84.67, 373874, 1532
4698, 0, 6, 304, 303, 40, 3.07%, 74, 0, 2, 91.99, 374357, 1532
4703, 0, 6, 304, 303, 40, 3.07%, 74, 0, 2, 93.90, 374815, 1532
4708, 0, 6, 305, 304, 40, 3.07%, 74, 0, 2, 91.23, 375259, 1533
4713, 0, 6, 305, 304, 40, 3.07%, 74, 0, 2, 94.98, 375739, 1533
4718, 0, 6, 306, 305, 40, 3.07%, 74, 0, 2, 88.57, 376171, 1533
4723, 0, 6, 306, 305, 40, 3.07%, 74, 0, 2, 98.75, 376696, 1533
4729, 0, 6, 306, 305, 40, 3.07%, 74, 0, 2, 96.58, 377179, 1533
4734, 0, 6, 306, 305, 40, 3.07%, 74, 0, 2, 93.15, 377664, 1533
4739, 0, 6, 306, 305, 40, 3.07%, 74, 0, 2, 87.92, 378116, 1533
4744, 0, 6, 306, 305, 40, 3.07%, 74, 0, 2, 88.45, 378563, 1533
4749, 0, 6, 306, 305, 40, 3.07%, 74, 0, 2, 91.47, 379017, 1533
4754, 0, 6, 306, 305, 40, 3.07%, 74, 0, 2, 90.87, 379490, 1533
4759, 0, 6, 306, 305, 40, 3.07%, 74, 0, 2, 87.28, 379916, 1533
4764, 0, 6, 306, 305, 40, 3.07%, 74, 0, 2, 90.49, 380369, 1533
4769, 0, 6, 306, 305, 40, 3.07%, 74, 0, 2, 102.95, 380843, 1533
4775, 0, 6, 306, 305, 40, 3.07%, 74, 0, 2, 97.88, 381331, 1533
4780, 0, 6, 307, 306, 40, 3.07%, 74, 0, 2, 93.99, 381813, 1533
4785, 0, 6, 307, 306, 40, 3.07%, 74, 0, 2, 101.64, 382307, 1533
4790, 0, 6, 307, 306, 40, 3.07%, 74, 0, 2, 93.78, 382768, 1533
4795, 0, 6, 307, 306, 40, 3.07%, 74, 0, 2, 95.01, 383247, 1533
4800, 0, 6, 307, 306, 40, 3.07%, 74, 0, 2, 93.26, 383710, 1533
4805, 0, 6, 307, 306, 40, 3.07%, 74, 0, 2, 104.27, 384125, 1533
4810, 0, 6, 307, 306, 40, 3.07%, 74, 0, 2, 91.42, 384560, 1533
4815, 0, 6, 307, 306, 40, 3.07%, 74, 0, 2, 90.13, 385016, 1533
4820, 0, 6, 307, 306, 40, 3.07%, 74, 0, 2, 89.84, 385442, 1533
4825, 0, 6, 307, 306, 40, 3.07%, 74, 0, 2, 87.68, 385872, 1533
4830, 0, 6, 307, 306, 40, 3.07%, 74, 0, 2, 97.56, 386317, 1533
4836, 0, 6, 307, 306, 40, 3.07%, 74, 0, 2, 91.70, 386770, 1533
4841, 0, 6, 307, 306, 40, 3.07%, 74, 0, 2, 89.19, 387208, 1533
4846, 0, 6, 307, 306, 40, 3.07%, 74, 0, 2, 80.33, 387613, 1533
4851, 0, 6, 307, 306, 40, 3.07%, 74, 0, 2, 68.13, 387950, 1533
4856, 0, 6, 307, 306, 40, 3.07%, 74, 0, 2, 83.42, 388360, 1533
4861, 0, 6, 307, 306, 40, 3.07%, 74, 0, 2, 88.13, 388833, 1533
4866, 0, 6, 307, 306, 40, 3.07%, 74, 0, 2, 89.20, 389279, 1533
4871, 0, 6, 307, 306, 40, 3.07%, 74, 0, 2, 90.06, 389746, 1533
4876, 0, 6, 308, 307, 40, 3.07%, 74, 0, 2, 82.68, 390148, 1533
4881, 0, 6, 308, 307, 40, 3.07%, 74, 0, 2, 94.50, 390574, 1533
4886, 0, 6, 308, 307, 40, 3.07%, 74, 0, 2, 86.14, 391006, 1533
4891, 0, 6, 308, 307, 40, 3.07%, 74, 0, 2, 82.35, 391426, 1533
4896, 0, 6, 308, 307, 40, 3.07%, 74, 0, 2, 83.20, 391843, 1533
4901, 0, 6, 308, 307, 40, 3.07%, 74, 0, 2, 85.66, 392293, 1533
4907, 0, 6, 308, 307, 40, 3.07%, 74, 0, 2, 81.93, 392699, 1533
4912, 0, 6, 308, 307, 40, 3.07%, 74, 0, 2, 85.79, 393133, 1533
4917, 0, 6, 308, 307, 40, 3.07%, 74, 0, 2, 83.30, 393564, 1533
4922, 0, 6, 308, 307, 40, 3.07%, 74, 0, 2, 88.12, 394019, 1533
4927, 0, 6, 308, 307, 40, 3.07%, 74, 0, 2, 92.80, 394485, 1533
4932, 0, 6, 308, 307, 40, 3.07%, 74, 0, 2, 95.68, 394985, 1533
4937, 0, 6, 308, 307, 40, 3.07%, 74, 0, 2, 89.53, 395420, 1533
4942, 0, 6, 308, 307, 40, 3.07%, 74, 0, 2, 85.59, 395860, 1533
4947, 0, 6, 308, 307, 40, 3.07%, 74, 0, 2, 88.24, 396312, 1533
4952, 0, 6, 308, 307, 40, 3.07%, 74, 0, 2, 81.64, 396707, 1533
4958, 0, 6, 308, 307, 40, 3.07%, 74, 0, 2, 85.03, 397148, 1533
4963, 0, 6, 308, 307, 40, 3.07%, 74, 0, 2, 80.85, 397555, 1533
4968, 0, 6, 308, 307, 40, 3.07%, 74, 0, 2, 81.41, 397956, 1533
4973, 0, 6, 308, 307, 40, 3.07%, 74, 0, 2, 79.59, 398384, 1533
4978, 0, 6, 308, 307, 40, 3.07%, 74, 0, 2, 84.13, 398817, 1533
4983, 0, 6, 308, 307, 40, 3.07%, 74, 0, 2, 84.09, 399259, 1533
4988, 0, 6, 308, 307, 40, 3.07%, 74, 0, 2, 86.07, 399690, 1533
4993, 0, 6, 308, 307, 40, 3.07%, 74, 0, 2, 88.61, 400124, 1533
4999, 0, 6, 308, 307, 40, 3.07%, 74, 0, 2, 88.74, 400571, 1533
5004, 0, 6, 309, 308, 40, 3.07%, 74, 0, 2, 108.91, 401043, 1533
5009, 0, 6, 309, 308, 40, 3.07%, 74, 0, 2, 99.24, 401523, 1533
5014, 0, 6, 309, 308, 40, 3.07%, 74, 0, 2, 94.64, 402014, 1533
5019, 0, 6, 309, 308, 40, 3.07%, 74, 0, 2, 94.31, 402485, 1533
5024, 0, 6, 310, 309, 40, 3.07%, 74, 0, 2, 90.47, 402926, 1533
5029, 0, 6, 310, 309, 40, 3.07%, 74, 0, 2, 89.49, 403367, 1533
5034, 0, 6, 311, 310, 40, 3.07%, 74, 0, 2, 85.61, 403797, 1533
5039, 0, 6, 311, 310, 40, 3.07%, 74, 0, 2, 87.77, 404247, 1533
5044, 0, 6, 311, 310, 40, 3.07%, 74, 0, 2, 86.19, 404682, 1533
5049, 0, 6, 311, 310, 40, 3.07%, 74, 0, 2, 90.18, 405152, 1533
5054, 0, 6, 311, 310, 40, 3.07%, 74, 0, 2, 86.58, 405585, 1533
5060, 0, 6, 311, 310, 40, 3.07%, 74, 0, 2, 88.54, 406052, 1533
5065, 0, 6, 311, 310, 40, 3.07%, 74, 0, 2, 95.17, 406478, 1533
5070, 0, 6, 311, 310, 40, 3.07%, 74, 0, 2, 113.31, 406965, 1533
5075, 0, 6, 311, 310, 40, 3.07%, 74, 0, 2, 96.54, 407408, 1533
5080, 0, 6, 311, 310, 40, 3.07%, 74, 0, 2, 92.21, 407884, 1533
5085, 0, 6, 311, 310, 40, 3.07%, 74, 0, 2, 87.70, 408310, 1533
5090, 0, 6, 311, 310, 40, 3.07%, 74, 0, 2, 88.50, 408738, 1533
5095, 0, 6, 311, 310, 40, 3.07%, 74, 0, 2, 91.52, 409205, 1533
5100, 0, 6, 311, 310, 40, 3.07%, 74, 0, 2, 91.02, 409663, 1533
5105, 0, 6, 311, 310, 40, 3.07%, 74, 0, 2, 92.58, 410125, 1533
5111, 0, 6, 311, 310, 40, 3.07%, 74, 0, 2, 96.77, 410633, 1533
5116, 0, 6, 311, 310, 40, 3.07%, 74, 0, 2, 90.04, 411077, 1533
5121, 0, 6, 311, 310, 40, 3.07%, 74, 0, 2, 86.56, 411500, 1533
5126, 0, 6, 311, 310, 40, 3.07%, 74, 0, 2, 88.34, 411954, 1533
5131, 0, 6, 311, 310, 40, 3.07%, 74, 0, 2, 95.10, 412438, 1533
5136, 0, 6, 311, 310, 40, 3.07%, 74, 0, 2, 96.41, 412911, 1533
5141, 0, 6, 311, 310, 40, 3.07%, 74, 0, 2, 94.49, 413371, 1533
5146, 0, 6, 311, 310, 40, 3.07%, 74, 0, 2, 89.54, 413821, 1533
5151, 0, 6, 311, 310, 40, 3.07%, 74, 0, 2, 90.41, 414269, 1533
5156, 0, 6, 311, 310, 40, 3.07%, 74, 0, 2, 80.03, 414680, 1533
5161, 0, 6, 311, 310, 40, 3.07%, 74, 0, 2, 77.35, 415074, 1533
5167, 0, 6, 311, 310, 40, 3.07%, 74, 0, 2, 83.88, 415509, 1533
5172, 0, 6, 311, 310, 40, 3.07%, 74, 0, 2, 79.24, 415900, 1533
5177, 0, 6, 311, 310, 40, 3.07%, 74, 0, 2, 83.98, 416347, 1533
5182, 0, 6, 311, 310, 40, 3.07%, 74, 0, 2, 83.48, 416763, 1533
5187, 0, 6, 311, 310, 40, 3.07%, 74, 0, 2, 81.36, 417177, 1533
5192, 0, 6, 311, 310, 40, 3.07%, 74, 0, 2, 77.99, 417585, 1533
5197, 0, 6, 311, 310, 40, 3.07%, 74, 0, 2, 77.98, 417974, 1533
5202, 0, 6, 311, 310, 40, 3.07%, 74, 0, 2, 74.38, 418375, 1533
5207, 0, 6, 311, 310, 40, 3.07%, 74, 0, 2, 78.04, 418770, 1533
5212, 0, 6, 311, 310, 40, 3.07%, 74, 0, 2, 88.04, 419227, 1533
5218, 0, 6, 311, 310, 40, 3.07%, 74, 0, 2, 85.60, 419684, 1533
5223, 0, 6, 311, 310, 40, 3.07%, 74, 0, 2, 88.12, 420143, 1533
5228, 0, 6, 311, 310, 40, 3.07%, 74, 0, 2, 95.65, 420637, 1533
5233, 0, 6, 311, 310, 40, 3.07%, 74, 0, 2, 91.81, 421106, 1533
5238, 0, 6, 311, 310, 40, 3.07%, 74, 0, 2, 92.16, 421586, 1533
5243, 0, 6, 312, 311, 40, 3.07%, 74, 0, 2, 93.76, 422050, 1533
5248, 0, 6, 312, 311, 40, 3.07%, 74, 0, 2, 94.44, 422541, 1533
5253, 0, 6, 312, 311, 40, 3.07%, 74, 0, 2, 89.55, 422982, 1533
5258, 0, 6, 312, 311, 40, 3.07%, 74, 0, 2, 89.95, 423435, 1533
5264, 0, 6, 312, 311, 40, 3.07%, 74, 0, 2, 89.88, 423906, 1533
5269, 0, 6, 312, 311, 40, 3.07%, 74, 0, 2, 90.41, 424351, 1533
5274, 0, 6, 312, 311, 40, 3.07%, 74, 0, 2, 94.36, 424822, 1533
5279, 0, 6, 312, 311, 40, 3.07%, 74, 0, 2, 94.76, 425302, 1533
5284, 0, 6, 312, 311, 40, 3.07%, 74, 0, 2, 95.66, 425777, 1533
5289, 0, 6, 313, 312, 40, 3.07%, 74, 0, 2, 85.64, 426208, 1533
5294, 0, 6, 313, 312, 40, 3.07%, 74, 0, 2, 88.43, 426662, 1533
5299, 0, 6, 313, 312, 40, 3.07%, 74, 0, 2, 88.03, 427106, 1533
5305, 0, 6, 313, 312, 40, 3.07%, 74, 0, 2, 92.32, 427588, 1533
5310, 0, 6, 313, 312, 40, 3.07%, 74, 0, 2, 90.15, 428047, 1533
5315, 0, 6, 313, 312, 40, 3.07%, 74, 0, 2, 84.27, 428469, 1533
5320, 0, 6, 313, 312, 40, 3.07%, 74, 0, 2, 111.97, 428901, 1533
5325, 0, 6, 313, 312, 40, 3.07%, 74, 0, 2, 92.16, 429340, 1533
5330, 0, 6, 313, 312, 40, 3.07%, 74, 0, 2, 92.10, 429799, 1533
5335, 0, 6, 313, 312, 40, 3.07%, 74, 0, 2, 85.05, 430240, 1533
5341, 0, 6, 314, 313, 40, 3.07%, 74, 0, 2, 84.98, 430664, 1533
5346, 0, 6, 314, 313, 40, 3.07%, 74, 0, 2, 82.74, 431087, 1533
5351, 0, 6, 314, 313, 40, 3.07%, 74, 0, 2, 87.92, 431498, 1533
5356, 0, 6, 315, 314, 40, 3.07%, 74, 0, 2, 82.25, 431875, 1533
5361, 0, 6, 315, 314, 40, 3.07%, 74, 0, 2, 86.59, 432309, 1533
5366, 0, 6, 315, 314, 40, 3.07%, 74, 0, 2, 78.30, 432711, 1533
5371, 0, 6, 315, 314, 40, 3.07%, 74, 0, 2, 86.51, 433154, 1533
5376, 0, 6, 315, 314, 40, 3.07%, 74, 0, 2, 78.81, 433541, 1533
5381, 0, 6, 315, 314, 40, 3.07%, 74, 0, 2, 80.63, 433960, 1533
5386, 0, 6, 315, 314, 40, 3.07%, 74, 0, 2, 84.54, 434390, 1533
5392, 0, 6, 315, 314, 40, 3.07%, 74, 0, 2, 86.18, 434830, 1533
5397, 0, 6, 315, 314, 40, 3.07%, 74, 0, 2, 91.28, 435280, 1533
5402, 0, 6, 315, 314, 40, 3.07%, 74, 0, 2, 76.28, 435653, 1533
5407, 0, 6, 315, 314, 40, 3.07%, 74, 0, 2, 89.67, 436127, 1533
5412, 0, 6, 315, 314, 40, 3.07%, 74, 0, 2, 91.74, 436583, 1533
5417, 0, 6, 315, 314, 40, 3.07%, 74, 0, 2, 91.20, 437044, 1533
5422, 0, 6, 315, 314, 40, 3.07%, 74, 0, 2, 90.94, 437500, 1533
5427, 0, 6, 316, 315, 40, 3.07%, 74, 0, 2, 80.86, 437873, 1533
5432, 0, 6, 316, 315, 40, 3.07%, 74, 0, 2, 83.64, 438309, 1533
5437, 0, 6, 316, 315, 40, 3.07%, 74, 0, 2, 88.60, 438754, 1533
5442, 0, 6, 316, 315, 40, 3.07%, 74, 0, 2, 89.11, 439198, 1533
5448, 0, 6, 316, 315, 40, 3.07%, 74, 0, 2, 84.45, 439616, 1533
5453, 0, 6, 316, 315, 40, 3.07%, 74, 0, 2, 84.12, 440033, 1533
5458, 0, 6, 316, 315, 40, 3.07%, 74, 0, 2, 84.88, 440460, 1533
5463, 0, 6, 316, 315, 40, 3.07%, 74, 0, 2, 84.39, 440886, 1533
5468, 0, 6, 316, 315, 40, 3.07%, 74, 0, 2, 81.71, 441291, 1533
5473, 0, 6, 316, 315, 40, 3.07%, 74, 0, 2, 76.96, 441680, 1533
5478, 0, 6, 316, 315, 40, 3.07%, 74, 0, 2, 84.68, 442119, 1533
5483, 0, 6, 316, 315, 40, 3.07%, 74, 0, 2, 84.22, 442534, 1533
5488, 0, 6, 316, 315, 40, 3.07%, 74, 0, 2, 81.05, 442930, 1533
5493, 0, 6, 316, 315, 40, 3.07%, 74, 0, 2, 85.38, 443359, 1533
5498, 0, 6, 316, 315, 40, 3.07%, 74, 0, 2, 87.36, 443788, 1533
5503, 0, 6, 316, 315, 40, 3.07%, 74, 0, 2, 88.53, 444249, 1533
5508, 0, 6, 316, 315, 40, 3.07%, 74, 0, 2, 85.00, 444676, 1533
5513, 0, 6, 316, 315, 40, 3.07%, 74, 0, 2, 87.14, 445111, 1533
5518, 0, 6, 316, 315, 40, 3.07%, 74, 0, 2, 88.27, 445551, 1533
5523, 0, 6, 316, 315, 40, 3.07%, 74, 0, 2, 86.66, 445989, 1533
5529, 0, 6, 316, 315, 40, 3.07%, 74, 0, 2, 82.17, 446394, 1533
5534, 0, 6, 316, 315, 40, 3.07%, 74, 0, 2, 84.11, 446793, 1533
5539, 0, 6, 316, 315, 40, 3.07%, 74, 0, 2, 76.34, 447186, 1533
5544, 0, 6, 316, 315, 40, 3.07%, 74, 0, 2, 80.34, 447613, 1533
5549, 0, 6, 316, 315, 40, 3.07%, 74, 0, 2, 82.65, 448041, 1533
5554, 0, 6, 316, 315, 40, 3.07%, 74, 0, 2, 112.02, 448473, 1533
5559, 0, 6, 316, 315, 40, 3.07%, 74, 0, 2, 85.78, 448872, 1533
5564, 0, 6, 316, 315, 40, 3.07%, 74, 0, 2, 113.82, 449299, 1533
5569, 0, 6, 316, 315, 40, 3.07%, 74, 0, 2, 87.54, 449722, 1533
5574, 0, 6, 316, 315, 40, 3.07%, 74, 0, 2, 85.58, 450150, 1533
5580, 0, 6, 316, 315, 40, 3.07%, 74, 0, 2, 87.07, 450589, 1533
5585, 0, 6, 316, 315, 40, 3.07%, 74, 0, 2, 80.86, 451002, 1533
5590, 0, 6, 316, 315, 40, 3.07%, 74, 0, 2, 81.97, 451438, 1533
5595, 0, 6, 316, 315, 40, 3.07%, 74, 0, 2, 80.80, 451862, 1533
5600, 0, 6, 316, 315, 40, 3.07%, 74, 0, 2, 80.93, 452275, 1533
5605, 0, 6, 316, 315, 40, 3.07%, 74, 0, 2, 80.54, 452680, 1533
5610, 0, 6, 316, 315, 40, 3.07%, 74, 0, 2, 81.81, 453095, 1533
5616, 0, 6, 316, 315, 40, 3.07%, 74, 0, 2, 87.15, 453559, 1533
5621, 0, 6, 316, 315, 40, 3.07%, 74, 0, 2, 86.01, 453992, 1533
5626, 0, 6, 316, 315, 40, 3.07%, 74, 0, 2, 80.02, 454401, 1533
5631, 0, 6, 316, 315, 40, 3.07%, 74, 0, 2, 81.28, 454812, 1533
5636, 0, 6, 317, 316, 40, 3.07%, 74, 0, 2, 80.78, 455228, 1533
5641, 0, 6, 317, 316, 40, 3.07%, 74, 0, 2, 75.96, 455604, 1533
5646, 0, 6, 317, 316, 40, 3.07%, 74, 0, 2, 80.24, 456028, 1533
5651, 0, 6, 317, 316, 40, 3.07%, 74, 0, 2, 93.15, 456405, 1533
5657, 0, 6, 317, 316, 40, 3.07%, 74, 0, 2, 88.84, 456861, 1533
5662, 0, 6, 317, 316, 40, 3.07%, 74, 0, 2, 77.50, 457252, 1533
5667, 0, 6, 317, 316, 40, 3.07%, 74, 0, 2, 80.21, 457661, 1533
5672, 0, 6, 317, 316, 40, 3.07%, 74, 0, 2, 88.44, 458111, 1533
5677, 0, 6, 317, 316, 40, 3.07%, 74, 0, 2, 104.31, 458529, 1533
5682, 0, 6, 317, 316, 40, 3.07%, 74, 0, 2, 83.74, 458939, 1533
5688, 0, 6, 317, 316, 40, 3.07%, 74, 0, 2, 85.84, 459365, 1533
5693, 0, 6, 317, 316, 40, 3.07%, 74, 0, 2, 85.79, 459806, 1533
5698, 0, 6, 317, 316, 40, 3.07%, 74, 0, 2, 82.87, 460223, 1533
5703, 0, 6, 317, 316, 40, 3.07%, 74, 0, 2, 75.67, 460588, 1533
5708, 0, 6, 317, 316, 40, 3.07%, 74, 0, 2, 81.10, 460987, 1533
5713, 0, 6, 317, 316, 40, 3.07%, 74, 0, 2, 86.15, 461441, 1533
5718, 0, 6, 317, 316, 40, 3.07%, 74, 0, 2, 88.56, 461905, 1533
5723, 0, 6, 317, 316, 40, 3.07%, 74, 0, 2, 87.99, 462350, 1533
5729, 0, 6, 317, 316, 40, 3.07%, 74, 0, 2, 91.67, 462818, 1533
5734, 0, 6, 317, 316, 40, 3.07%, 74, 0, 2, 89.95, 463260, 1533
5739, 0, 6, 317, 316, 40, 3.07%, 74, 0, 2, 83.18, 463675, 1533
5744, 0, 6, 317, 316, 40, 3.07%, 74, 0, 2, 82.12, 464083, 1533
5749, 0, 6, 317, 316, 40, 3.07%, 74, 0, 2, 82.47, 464501, 1533
5754, 0, 6, 317, 316, 40, 3.07%, 74, 0, 2, 85.00, 464934, 1533
5759, 0, 6, 317, 316, 40, 3.07%, 74, 0, 2, 83.64, 465362, 1533
5764, 0, 6, 317, 316, 40, 3.07%, 74, 0, 2, 88.53, 465802, 1533
5769, 0, 6, 317, 316, 40, 3.07%, 74, 0, 2, 91.85, 466267, 1533
5774, 0, 6, 317, 316, 40, 3.07%, 74, 0, 2, 88.40, 466716, 1533
5779, 0, 6, 317, 316, 40, 3.07%, 74, 0, 2, 84.78, 467145, 1533
5785, 0, 6, 317, 316, 40, 3.07%, 74, 0, 2, 82.28, 467573, 1533
5790, 0, 6, 317, 316, 40, 3.07%, 74, 0, 2, 76.10, 467942, 1533
5795, 0, 6, 317, 316, 40, 3.07%, 74, 0, 2, 77.57, 468343, 1533
5800, 0, 6, 317, 316, 40, 3.07%, 74, 0, 2, 86.05, 468780, 1533
5805, 0, 6, 317, 316, 40, 3.07%, 74, 0, 2, 88.57, 469235, 1533
5810, 0, 6, 317, 316, 40, 3.07%, 74, 0, 2, 83.40, 469673, 1533
5816, 0, 6, 317, 316, 40, 3.07%, 74, 0, 2, 81.08, 470107, 1533
5821, 0, 6, 317, 316, 40, 3.07%, 74, 0, 2, 67.34, 470432, 1533
5826, 0, 6, 317, 316, 40, 3.07%, 74, 0, 2, 84.74, 470897, 1533
5831, 0, 6, 317, 316, 40, 3.07%, 74, 0, 2, 87.75, 471334, 1533
5836, 0, 6, 317, 316, 40, 3.07%, 74, 0, 2, 88.23, 471784, 1533
5841, 0, 6, 317, 316, 40, 3.07%, 74, 0, 2, 82.28, 472184, 1533
5846, 0, 6, 317, 316, 40, 3.07%, 74, 0, 2, 80.56, 472594, 1533
5851, 0, 6, 317, 316, 40, 3.07%, 74, 0, 2, 80.44, 473005, 1533
5856, 0, 6, 317, 316, 40, 3.07%, 74, 0, 2, 82.97, 473434, 1533
5861, 0, 6, 317, 316, 40, 3.07%, 74, 0, 2, 90.91, 473880, 1533
5866, 0, 6, 317, 316, 40, 3.07%, 74, 0, 2, 79.08, 474276, 1533
5872, 0, 6, 317, 316, 40, 3.07%, 74, 0, 2, 89.19, 474735, 1533
5877, 0, 6, 317, 316, 40, 3.07%, 74, 0, 2, 83.57, 475149, 1533
5882, 0, 6, 317, 316, 40, 3.07%, 74, 0, 2, 77.56, 475519, 1533
5887, 0, 6, 317, 316, 40, 3.07%, 74, 0, 2, 80.45, 475917, 1533
5892, 0, 6, 317, 316, 40, 3.07%, 74, 0, 2, 79.28, 476310, 1533
5897, 0, 6, 317, 316, 40, 3.07%, 74, 0, 2, 77.65, 476730, 1533
5902, 0, 8, 317, 315, 44, 3.07%, 74, 0, 2, 67.81, 477060, 1533
5907, 0, 8, 317, 315, 44, 3.07%, 74, 0, 2, 59.49, 477366, 1533
5912, 0, 8, 317, 315, 44, 3.07%, 74, 0, 2, 61.51, 477697, 1533
5917, 0, 8, 317, 315, 44, 3.07%, 74, 0, 2, 63.53, 478038, 1533
5923, 0, 8, 317, 315, 44, 3.07%, 74, 0, 2, 65.37, 478382, 1533
5928, 0, 8, 317, 315, 44, 3.07%, 74, 0, 2, 56.89, 478680, 1533
5933, 0, 8, 317, 315, 44, 3.07%, 74, 0, 2, 52.79, 478935, 1533
5938, 0, 8, 317, 315, 44, 3.07%, 74, 0, 2, 63.33, 479286, 1533
5943, 0, 8, 317, 315, 44, 3.07%, 74, 0, 2, 61.11, 479605, 1533
5948, 0, 8, 317, 315, 44, 3.07%, 74, 0, 2, 62.68, 479937, 1533
5953, 0, 8, 317, 315, 44, 3.07%, 74, 0, 2, 85.51, 480240, 1533
5958, 0, 8, 317, 315, 44, 3.07%, 74, 0, 2, 69.44, 480576, 1533
5964, 0, 8, 317, 315, 44, 3.07%, 74, 0, 2, 62.39, 480881, 1533
5969, 0, 8, 317, 315, 44, 3.07%, 74, 0, 2, 69.35, 481249, 1533
5974, 0, 8, 317, 315, 44, 3.07%, 74, 0, 2, 60.52, 481551, 1533
5979, 0, 8, 317, 315, 44, 3.07%, 74, 0, 2, 63.92, 481882, 1533
5984, 0, 8, 317, 315, 44, 3.07%, 74, 0, 2, 68.25, 482207, 1533
5989, 0, 8, 317, 315, 44, 3.07%, 74, 0, 2, 66.46, 482535, 1533
5994, 0, 8, 317, 315, 44, 3.07%, 74, 0, 2, 63.07, 482860, 1533
5999, 0, 8, 317, 315, 44, 3.07%, 74, 0, 2, 67.66, 483215, 1533
6004, 0, 8, 317, 315, 44, 3.07%, 74, 0, 2, 63.45, 483540, 1533
6009, 0, 8, 317, 315, 44, 3.07%, 74, 0, 2, 65.03, 483874, 1533
6015, 0, 8, 317, 315, 44, 3.07%, 74, 0, 2, 65.26, 484199, 1533
6020, 0, 8, 317, 315, 44, 3.07%, 74, 0, 2, 61.33, 484514, 1533
6025, 0, 8, 317, 315, 44, 3.07%, 74, 0, 2, 65.77, 484851, 1533
6030, 0, 8, 317, 315, 44, 3.07%, 74, 0, 2, 65.64, 485167, 1533
6035, 0, 8, 317, 315, 44, 3.07%, 74, 0, 2, 123.14, 485758, 1533
6040, 0, 8, 317, 315, 44, 3.07%, 74, 0, 2, 80.68, 486105, 1533
6045, 0, 8, 317, 315, 44, 3.07%, 74, 0, 2, 73.83, 486480, 1533
6050, 0, 8, 317, 315, 44, 3.07%, 74, 0, 2, 70.37, 486830, 1533
6055, 0, 8, 317, 315, 44, 3.07%, 74, 0, 2, 67.09, 487163, 1533
6060, 0, 8, 317, 315, 44, 3.07%, 74, 0, 2, 71.13, 487534, 1533
6065, 0, 8, 317, 315, 44, 3.07%, 74, 0, 2, 80.34, 487984, 1533
6070, 0, 8, 317, 315, 44, 3.07%, 74, 0, 2, 67.28, 488291, 1533
6075, 0, 8, 317, 315, 44, 3.07%, 74, 0, 2, 63.86, 488610, 1533
6080, 0, 8, 317, 315, 44, 3.07%, 74, 0, 2, 66.42, 488945, 1533
6085, 0, 8, 317, 315, 44, 3.07%, 74, 0, 2, 59.50, 489238, 1533
6091, 0, 8, 317, 315, 44, 3.07%, 74, 0, 2, 64.37, 489570, 1533
6096, 0, 8, 317, 315, 44, 3.07%, 74, 0, 2, 65.65, 489902, 1533
6101, 0, 8, 317, 315, 44, 3.07%, 74, 0, 2, 63.78, 490219, 1533
6106, 0, 8, 317, 315, 44, 3.07%, 74, 0, 2, 71.04, 490634, 1533
6111, 0, 8, 317, 315, 44, 3.07%, 74, 0, 2, 63.86, 490943, 1533
6116, 0, 8, 317, 315, 44, 3.07%, 74, 0, 2, 62.79, 491265, 1533
6121, 0, 8, 317, 315, 44, 3.07%, 74, 0, 2, 68.17, 491608, 1533
6126, 0, 8, 317, 315, 44, 3.07%, 74, 0, 2, 67.84, 491948, 1533
6131, 0, 8, 317, 315, 44, 3.07%, 74, 0, 2, 71.06, 492323, 1533
6137, 0, 8, 317, 315, 44, 3.07%, 74, 0, 2, 69.20, 492690, 1533
6142, 0, 8, 317, 315, 44, 3.07%, 74, 0, 2, 64.09, 493020, 1533
6147, 0, 8, 317, 315, 44, 3.07%, 74, 0, 2, 17.55, 493455, 1533
6152, 0, 8, 317, 315, 44, 3.07%, 74, 0, 2, 55.76, 493795, 1533
6157, 0, 8, 317, 315, 44, 3.07%, 74, 0, 2, 61.99, 494126, 1533
6162, 0, 8, 317, 315, 44, 3.07%, 74, 0, 2, 62.74, 494449, 1533
6167, 0, 8, 317, 315, 44, 3.07%, 74, 0, 2, 66.78, 494805, 1533
6172, 0, 8, 317, 315, 44, 3.07%, 74, 0, 2, 65.52, 495138, 1533
6178, 0, 8, 317, 315, 44, 3.07%, 74, 0, 2, 67.83, 495499, 1533
6183, 0, 8, 317, 315, 44, 3.07%, 74, 0, 2, 34.01, 495961, 1533
6188, 0, 8, 317, 315, 44, 3.07%, 74, 0, 2, 63.72, 496315, 1533
6193, 0, 8, 317, 315, 44, 3.07%, 74, 0, 2, 73.44, 496727, 1533
6198, 0, 8, 317, 315, 44, 3.07%, 74, 0, 2, 70.61, 497076, 1533
6203, 0, 8, 317, 315, 44, 3.07%, 74, 0, 2, 78.24, 497472, 1533
6208, 0, 8, 317, 315, 44, 3.07%, 74, 0, 2, 31.21, 497832, 1533
6213, 0, 8, 317, 315, 44, 3.07%, 74, 0, 2, 60.96, 498180, 1533
6218, 0, 8, 317, 315, 44, 3.07%, 74, 0, 2, 64.71, 498522, 1533
6224, 0, 8, 317, 315, 44, 3.07%, 74, 0, 2, 65.24, 498857, 1533
6229, 0, 8, 317, 315, 44, 3.07%, 74, 0, 2, 65.94, 499180, 1533
6234, 0, 8, 317, 315, 44, 3.07%, 74, 0, 2, 81.03, 499555, 1533
6239, 0, 8, 317, 315, 44, 3.07%, 74, 0, 2, 75.14, 499986, 1533
6244, 0, 8, 317, 315, 44, 3.07%, 74, 0, 2, 65.81, 500305, 1533
6249, 0, 8, 317, 315, 44, 3.07%, 74, 0, 2, 75.54, 500669, 1533
6254, 0, 8, 317, 315, 44, 3.07%, 74, 0, 2, 63.95, 500993, 1533
6259, 0, 8, 317, 315, 44, 3.07%, 74, 0, 2, 62.38, 501302, 1533
6264, 0, 8, 317, 315, 44, 3.07%, 74, 0, 2, 59.58, 501601, 1533
6269, 0, 8, 317, 315, 44, 3.07%, 74, 0, 2, 75.26, 501985, 1533
6274, 0, 8, 317, 315, 44, 3.07%, 74, 0, 2, 62.66, 502292, 1533
6280, 0, 8, 317, 315, 44, 3.07%, 74, 0, 2, 63.53, 502623, 1533
6285, 0, 8, 317, 315, 44, 3.07%, 74, 0, 2, 62.13, 502944, 1533
6290, 0, 8, 317, 315, 44, 3.07%, 74, 0, 2, 64.63, 503270, 1533
6295, 0, 8, 317, 315, 44, 3.07%, 74, 0, 2, 65.87, 503626, 1533
6300, 0, 8, 317, 315, 44, 3.07%, 74, 0, 2, 59.64, 503929, 1533
6305, 0, 8, 317, 315, 44, 3.07%, 74, 0, 2, 63.06, 504244, 1533
6310, 0, 8, 317, 315, 44, 3.07%, 74, 0, 2, 61.38, 504558, 1533
6315, 0, 8, 317, 315, 44, 3.07%, 74, 0, 2, 65.77, 504920, 1533
6320, 0, 8, 317, 315, 44, 3.07%, 74, 0, 2, 63.24, 505232, 1533
6325, 0, 8, 317, 315, 44, 3.07%, 74, 0, 2, 67.57, 505580, 1533
6331, 0, 8, 317, 315, 44, 3.07%, 74, 0, 2, 68.45, 505927, 1533
6336, 0, 8, 317, 315, 44, 3.07%, 74, 0, 2, 69.90, 506271, 1533
6341, 0, 8, 317, 315, 44, 3.07%, 74, 0, 2, 341.82, 506939, 1533
6346, 0, 8, 317, 315, 44, 3.07%, 74, 0, 2, 66.65, 507286, 1533
6351, 0, 8, 317, 315, 44, 3.07%, 74, 0, 2, 69.96, 507639, 1533
6356, 0, 8, 317, 315, 44, 3.07%, 74, 0, 2, 70.66, 508013, 1533
6361, 0, 8, 317, 315, 44, 3.07%, 74, 0, 2, 70.07, 508356, 1533
6366, 0, 8, 317, 315, 44, 3.07%, 74, 0, 2, 75.80, 508783, 1533
6371, 0, 8, 317, 315, 44, 3.07%, 74, 0, 2, 71.12, 509133, 1533
6377, 0, 8, 317, 315, 44, 3.07%, 74, 0, 2, 72.67, 509510, 1533
6382, 0, 8, 317, 315, 44, 3.07%, 74, 0, 2, 68.34, 509848, 1533
6387, 0, 8, 317, 315, 44, 3.07%, 74, 0, 2, 67.77, 510186, 1533
6392, 0, 8, 317, 315, 44, 3.07%, 74, 0, 2, 76.80, 510560, 1533
6397, 0, 8, 317, 315, 44, 3.07%, 74, 0, 2, 70.97, 510925, 1533
6402, 0, 8, 317, 315, 44, 3.07%, 74, 0, 2, 65.07, 511247, 1533
6407, 0, 8, 317, 315, 44, 3.07%, 74, 0, 2, 68.69, 511583, 1533
6412, 0, 8, 317, 315, 44, 3.07%, 74, 0, 2, 66.12, 511925, 1533
6418, 0, 8, 317, 315, 44, 3.07%, 74, 0, 2, 69.34, 512282, 1533
6423, 0, 8, 317, 315, 44, 3.07%, 74, 0, 2, 68.43, 512620, 1533
6428, 0, 8, 317, 315, 44, 3.07%, 74, 0, 2, 75.03, 513038, 1533
6433, 0, 8, 317, 315, 44, 3.07%, 74, 0, 2, 74.57, 513421, 1533
6438, 0, 8, 317, 315, 44, 3.07%, 74, 0, 2, 69.54, 513786, 1533
6443, 0, 8, 317, 315, 44, 3.07%, 74, 0, 2, 55.06, 514064, 1533
6448, 0, 9, 317, 315, 44, 3.07%, 74, 0, 2, 51.03, 514285, 1533
