# relative_time, cycles_done, cur_path, paths_total, pending_total, pending_favs, map_size, unique_crashes, unique_hangs, max_depth, execs_per_sec, total_execs, edges_found
61, 0, 1, 53, 53, 10, 2.80%, 3, 0, 2, 59.24, 5152, 1396
66, 0, 1, 53, 53, 10, 2.80%, 3, 0, 2, 51.50, 5399, 1396
71, 0, 1, 53, 53, 10, 2.80%, 3, 0, 2, 47.66, 5638, 1396
76, 0, 1, 53, 53, 10, 2.80%, 3, 0, 2, 46.58, 5875, 1396
81, 0, 1, 53, 53, 10, 2.80%, 3, 0, 2, 44.02, 6087, 1396
86, 0, 1, 53, 53, 10, 2.80%, 3, 0, 2, 54.16, 6362, 1396
91, 0, 1, 53, 53, 10, 2.80%, 3, 0, 2, 49.85, 6610, 1396
96, 0, 1, 53, 53, 10, 2.80%, 3, 0, 2, 44.80, 6834, 1396
102, 0, 1, 55, 55, 10, 2.80%, 3, 0, 2, 43.26, 7052, 1399
107, 0, 1, 55, 55, 10, 2.80%, 3, 0, 2, 38.88, 7260, 1399
112, 0, 1, 55, 55, 10, 2.80%, 3, 0, 2, 41.77, 7473, 1399
117, 0, 1, 55, 55, 10, 2.80%, 3, 0, 2, 38.46, 7662, 1399
122, 0, 1, 55, 55, 10, 2.80%, 3, 0, 2, 41.90, 7875, 1399
127, 0, 1, 55, 55, 10, 2.80%, 3, 0, 2, 39.48, 8066, 1399
132, 0, 1, 55, 55, 10, 2.80%, 3, 0, 2, 39.38, 8275, 1399
137, 0, 1, 55, 55, 10, 2.80%, 3, 0, 2, 41.78, 8485, 1399
142, 0, 1, 55, 55, 10, 2.80%, 3, 0, 2, 40.85, 8689, 1399
147, 0, 1, 55, 55, 10, 2.80%, 3, 0, 2, 39.33, 8892, 1399
152, 0, 1, 55, 55, 10, 2.80%, 3, 0, 2, 38.61, 9092, 1399
157, 0, 1, 55, 55, 10, 2.80%, 3, 0, 2, 42.73, 9322, 1399
162, 0, 1, 55, 55, 10, 2.80%, 3, 0, 2, 40.13, 9513, 1399
168, 0, 1, 55, 55, 10, 2.80%, 3, 0, 2, 40.80, 9717, 1399
173, 0, 1, 55, 55, 10, 2.80%, 3, 0, 2, 39.90, 9926, 1399
178, 0, 1, 55, 55, 10, 2.80%, 3, 0, 2, 35.19, 10098, 1399
183, 0, 1, 55, 55, 10, 2.80%, 3, 0, 2, 35.95, 10280, 1399
188, 0, 1, 55, 55, 10, 2.80%, 3, 0, 2, 38.80, 10496, 1399
193, 0, 1, 56, 56, 10, 2.80%, 3, 0, 2, 41.58, 10712, 1399
198, 0, 1, 57, 57, 10, 2.80%, 3, 0, 2, 33.79, 10855, 1399
203, 0, 1, 57, 57, 10, 2.80%, 3, 0, 2, 33.00, 11014, 1399
208, 0, 1, 58, 58, 10, 2.81%, 3, 0, 2, 38.00, 11209, 1400
213, 0, 1, 58, 58, 10, 2.81%, 3, 0, 2, 37.79, 11400, 1400
218, 0, 1, 58, 58, 10, 2.81%, 3, 0, 2, 39.22, 11593, 1400
224, 0, 1, 58, 58, 10, 2.81%, 3, 0, 2, 38.04, 11782, 1400
229, 0, 1, 58, 58, 10, 2.81%, 3, 0, 2, 42.47, 12001, 1400
234, 0, 1, 58, 58, 10, 2.81%, 3, 0, 2, 36.80, 12184, 1400
239, 0, 1, 58, 58, 10, 2.81%, 3, 0, 2, 40.52, 12390, 1400
244, 0, 1, 58, 58, 10, 2.81%, 3, 0, 2, 40.63, 12595, 1400
249, 0, 1, 58, 58, 10, 2.81%, 3, 0, 2, 37.43, 12786, 1400
254, 0, 1, 58, 58, 10, 2.81%, 3, 0, 2, 39.41, 12976, 1400
259, 0, 1, 59, 59, 10, 2.81%, 3, 0, 2, 41.43, 13189, 1401
264, 0, 1, 59, 59, 10, 2.81%, 3, 0, 2, 38.92, 13391, 1401
270, 0, 1, 59, 59, 10, 2.81%, 3, 0, 2, 41.53, 13601, 1401
275, 0, 1, 59, 59, 10, 2.81%, 3, 0, 2, 41.94, 13815, 1401
280, 0, 1, 60, 60, 10, 2.81%, 3, 0, 2, 43.97, 14040, 1401
285, 0, 1, 60, 60, 10, 2.81%, 3, 0, 2, 35.99, 14226, 1401
290, 0, 1, 61, 61, 10, 2.81%, 3, 0, 2, 38.57, 14426, 1401
295, 0, 1, 62, 62, 10, 2.81%, 3, 0, 2, 40.74, 14631, 1401
300, 0, 1, 63, 63, 10, 2.81%, 3, 0, 2, 40.65, 14831, 1402
305, 0, 1, 63, 63, 10, 2.81%, 3, 0, 2, 39.82, 15028, 1402
310, 0, 1, 63, 63, 10, 2.81%, 3, 0, 2, 38.31, 15223, 1402
315, 0, 1, 64, 64, 10, 2.81%, 3, 0, 2, 35.97, 15403, 1403
321, 0, 1, 64, 64, 10, 2.81%, 3, 0, 2, 36.23, 15590, 1403
326, 0, 1, 64, 64, 10, 2.81%, 3, 0, 2, 37.05, 15782, 1403
331, 0, 1, 64, 64, 10, 2.81%, 3, 0, 2, 35.51, 15954, 1403
336, 0, 1, 64, 64, 10, 2.81%, 3, 0, 2, 36.70, 16148, 1403
341, 0, 1, 64, 64, 10, 2.81%, 3, 0, 2, 39.26, 16351, 1403
346, 0, 1, 65, 65, 10, 2.82%, 3, 0, 2, 38.06, 16538, 1407
352, 0, 1, 66, 66, 10, 2.82%, 3, 0, 2, 36.11, 16749, 1407
357, 0, 1, 66, 66, 10, 2.82%, 3, 0, 2, 40.03, 16957, 1407
362, 0, 1, 66, 66, 10, 2.82%, 3, 0, 2, 36.00, 17146, 1407
367, 0, 1, 66, 66, 10, 2.82%, 3, 0, 2, 37.92, 17339, 1407
372, 0, 1, 66, 66, 10, 2.82%, 3, 0, 2, 35.51, 17512, 1407
377, 0, 1, 66, 66, 10, 2.82%, 3, 0, 2, 39.54, 17725, 1407
382, 0, 1, 66, 66, 10, 2.82%, 3, 0, 2, 44.54, 17907, 1407
388, 0, 1, 66, 66, 10, 2.82%, 3, 0, 2, 38.49, 18102, 1407
393, 0, 1, 66, 66, 10, 2.82%, 3, 0, 2, 35.19, 18280, 1407
398, 0, 1, 66, 66, 10, 2.82%, 3, 0, 2, 36.07, 18463, 1407
403, 0, 1, 66, 66, 10, 2.82%, 3, 0, 2, 34.90, 18636, 1407
408, 0, 1, 66, 66, 10, 2.82%, 3, 0, 2, 35.78, 18821, 1407
413, 0, 1, 66, 66, 10, 2.82%, 3, 0, 2, 35.88, 18995, 1407
418, 0, 1, 66, 66, 10, 2.82%, 3, 0, 2, 38.93, 19204, 1407
423, 0, 1, 66, 66, 10, 2.82%, 3, 0, 2, 35.01, 19371, 1407
429, 0, 1, 66, 66, 10, 2.82%, 3, 0, 2, 36.51, 19561, 1407
434, 0, 1, 66, 66, 10, 2.82%, 3, 0, 2, 40.02, 19766, 1407
439, 0, 1, 66, 66, 10, 2.82%, 3, 0, 2, 40.98, 19972, 1407
444, 0, 1, 66, 66, 10, 2.82%, 3, 0, 2, 37.37, 20162, 1407
449, 0, 1, 66, 66, 10, 2.82%, 3, 0, 2, 37.89, 20369, 1407
454, 0, 1, 66, 66, 10, 2.82%, 3, 0, 2, 35.27, 20550, 1407
459, 0, 1, 66, 66, 10, 2.82%, 3, 0, 2, 34.23, 20736, 1407
464, 0, 1, 66, 66, 10, 2.82%, 3, 0, 2, 33.82, 20906, 1407
470, 0, 1, 66, 66, 10, 2.82%, 3, 0, 2, 39.59, 21114, 1407
475, 0, 1, 66, 66, 10, 2.82%, 3, 0, 2, 42.27, 21333, 1407
480, 0, 1, 66, 66, 10, 2.82%, 3, 0, 2, 44.77, 21563, 1407
485, 0, 1, 66, 66, 10, 2.82%, 3, 0, 2, 45.00, 21793, 1407
490, 0, 1, 66, 66, 10, 2.82%, 3, 0, 2, 45.12, 22021, 1407
495, 0, 1, 66, 66, 10, 2.82%, 3, 0, 2, 41.95, 22225, 1407
500, 0, 1, 66, 66, 10, 2.82%, 3, 0, 2, 31.37, 22384, 1407
505, 0, 1, 66, 66, 10, 2.82%, 3, 0, 2, 28.69, 22532, 1407
511, 0, 1, 66, 66, 10, 2.82%, 3, 0, 2, 34.52, 22709, 1407
516, 0, 1, 67, 67, 10, 2.82%, 3, 0, 2, 37.08, 22901, 1407
521, 0, 1, 67, 67, 10, 2.82%, 3, 0, 2, 34.34, 23072, 1407
526, 0, 1, 67, 67, 10, 2.82%, 3, 0, 2, 38.14, 23274, 1407
531, 0, 1, 67, 67, 10, 2.82%, 3, 0, 2, 39.68, 23478, 1407
536, 0, 1, 67, 67, 10, 2.82%, 3, 0, 2, 35.85, 23658, 1407
542, 0, 1, 67, 67, 10, 2.82%, 4, 0, 2, 82.20, 24073, 1407
547, 0, 1, 68, 68, 10, 2.82%, 4, 0, 2, 13.49, 24270, 1408
552, 0, 1, 68, 68, 10, 2.82%, 4, 0, 2, 31.69, 24459, 1408
557, 0, 1, 68, 68, 10, 2.82%, 4, 0, 2, 32.88, 24628, 1408
562, 0, 1, 69, 69, 10, 2.82%, 4, 0, 2, 36.77, 24822, 1409
567, 0, 1, 69, 69, 10, 2.82%, 4, 0, 2, 35.22, 25001, 1409
572, 0, 1, 69, 69, 10, 2.82%, 4, 0, 2, 37.62, 25209, 1409
577, 0, 1, 69, 69, 10, 2.82%, 4, 0, 2, 39.45, 25407, 1409
583, 0, 1, 70, 70, 10, 2.83%, 4, 0, 2, 51.09, 25666, 1413
588, 0, 1, 70, 70, 10, 2.83%, 4, 0, 2, 42.43, 25868, 1413
593, 0, 1, 70, 70, 10, 2.83%, 4, 0, 2, 38.16, 26057, 1413
598, 0, 1, 70, 70, 10, 2.83%, 4, 0, 2, 31.25, 26214, 1413
603, 0, 1, 70, 70, 10, 2.83%, 4, 0, 2, 37.70, 26379, 1413
608, 0, 1, 70, 70, 10, 2.83%, 4, 0, 2, 28.52, 26517, 1413
613, 0, 1, 70, 70, 10, 2.83%, 4, 0, 2, 27.76, 26655, 1413
618, 0, 1, 70, 70, 10, 2.83%, 4, 0, 2, 28.10, 26798, 1413
623, 0, 1, 70, 70, 10, 2.83%, 4, 0, 2, 34.25, 26973, 1413
629, 0, 1, 70, 70, 10, 2.83%, 4, 0, 2, 33.96, 27152, 1413
634, 0, 1, 70, 70, 10, 2.83%, 4, 0, 2, 32.01, 27305, 1413
639, 0, 1, 70, 70, 10, 2.83%, 4, 0, 2, 30.22, 27447, 1413
644, 0, 1, 70, 70, 10, 2.83%, 4, 0, 2, 28.25, 27586, 1413
649, 0, 1, 70, 70, 10, 2.83%, 4, 0, 2, 29.56, 27730, 1413
654, 0, 1, 70, 70, 10, 2.83%, 4, 0, 2, 26.88, 27872, 1413
659, 0, 1, 72, 72, 10, 2.85%, 4, 0, 2, 45.17, 28061, 1422
664, 0, 1, 72, 72, 10, 2.85%, 4, 0, 2, 32.02, 28231, 1422
669, 0, 1, 72, 72, 10, 2.85%, 4, 0, 2, 27.15, 28347, 1422
674, 0, 1, 72, 72, 10, 2.85%, 4, 0, 2, 28.49, 28489, 1422
679, 0, 1, 72, 72, 10, 2.85%, 4, 0, 2, 27.91, 28628, 1422
685, 0, 1, 72, 72, 10, 2.85%, 4, 0, 2, 24.45, 28745, 1422
690, 0, 1, 72, 72, 10, 2.85%, 4, 0, 2, 32.00, 28921, 1422
695, 0, 1, 72, 72, 10, 2.85%, 4, 0, 2, 28.84, 29067, 1422
700, 0, 1, 73, 73, 10, 2.85%, 4, 0, 2, 44.48, 29276, 1423
705, 0, 1, 73, 73, 10, 2.85%, 4, 0, 2, 27.95, 29396, 1423
710, 0, 1, 73, 73, 10, 2.85%, 4, 0, 2, 27.13, 29526, 1423
715, 0, 1, 73, 73, 10, 2.85%, 4, 0, 2, 25.57, 29662, 1423
720, 0, 1, 73, 73, 10, 2.85%, 4, 0, 2, 30.94, 29809, 1423
725, 0, 1, 73, 73, 10, 2.85%, 4, 0, 2, 34.11, 29993, 1423
730, 0, 1, 73, 73, 10, 2.85%, 4, 0, 2, 23.64, 30102, 1423
736, 0, 1, 73, 73, 10, 2.85%, 4, 0, 2, 29.93, 30242, 1423
741, 0, 1, 73, 73, 10, 2.85%, 4, 0, 2, 28.55, 30385, 1423
746, 0, 1, 73, 73, 10, 2.85%, 4, 0, 2, 30.35, 30526, 1423
751, 0, 1, 73, 73, 10, 2.85%, 4, 0, 2, 29.14, 30673, 1423
756, 0, 1, 73, 73, 10, 2.85%, 4, 0, 2, 29.20, 30831, 1423
761, 0, 1, 73, 73, 10, 2.85%, 4, 0, 2, 31.52, 30989, 1423
766, 0, 1, 73, 73, 10, 2.85%, 4, 0, 2, 29.63, 31140, 1423
771, 0, 1, 73, 73, 10, 2.85%, 4, 0, 2, 28.21, 31288, 1423
776, 0, 1, 73, 73, 10, 2.85%, 4, 0, 2, 25.76, 31419, 1423
781, 0, 1, 73, 73, 10, 2.85%, 4, 0, 2, 30.45, 31578, 1423
787, 0, 1, 73, 73, 10, 2.85%, 4, 0, 2, 45.96, 31829, 1423
792, 0, 1, 73, 73, 10, 2.85%, 4, 0, 2, 35.06, 31995, 1423
797, 0, 1, 73, 73, 10, 2.85%, 4, 0, 2, 32.47, 32145, 1423
802, 0, 1, 73, 73, 10, 2.85%, 4, 0, 2, 30.02, 32284, 1423
807, 0, 1, 73, 73, 10, 2.85%, 4, 0, 2, 30.45, 32441, 1423
812, 0, 1, 73, 73, 10, 2.85%, 4, 0, 2, 29.88, 32592, 1423
818, 0, 1, 73, 73, 10, 2.85%, 4, 0, 2, 26.91, 32728, 1423
823, 0, 1, 73, 73, 10, 2.85%, 4, 0, 2, 29.79, 32881, 1423
828, 0, 1, 73, 73, 10, 2.85%, 4, 0, 2, 30.44, 33032, 1423
833, 0, 1, 73, 73, 10, 2.85%, 4, 0, 2, 26.25, 33160, 1423
838, 0, 1, 73, 73, 10, 2.85%, 4, 0, 2, 27.12, 33311, 1423
843, 0, 1, 73, 73, 10, 2.85%, 4, 0, 2, 27.24, 33454, 1423
848, 0, 1, 73, 73, 10, 2.85%, 4, 0, 2, 26.84, 33585, 1423
853, 0, 1, 73, 73, 10, 2.85%, 4, 0, 2, 31.40, 33744, 1423
858, 0, 1, 73, 73, 10, 2.85%, 4, 0, 2, 29.88, 33902, 1423
863, 0, 1, 73, 73, 10, 2.85%, 4, 0, 2, 28.38, 34045, 1423
868, 0, 1, 73, 73, 10, 2.85%, 4, 0, 2, 47.00, 34282, 1423
874, 0, 1, 73, 73, 10, 2.85%, 4, 0, 2, 29.07, 34401, 1423
879, 0, 1, 73, 73, 10, 2.85%, 4, 0, 2, 34.07, 34578, 1423
884, 0, 1, 73, 73, 10, 2.85%, 4, 0, 2, 30.26, 34738, 1423
889, 0, 1, 73, 73, 10, 2.85%, 4, 0, 2, 33.11, 34900, 1423
894, 0, 1, 73, 73, 10, 2.85%, 4, 0, 2, 29.56, 35052, 1423
899, 0, 1, 73, 73, 10, 2.85%, 4, 0, 2, 34.25, 35227, 1423
904, 0, 1, 73, 73, 10, 2.85%, 4, 0, 2, 32.38, 35395, 1423
910, 0, 1, 73, 73, 10, 2.85%, 4, 0, 2, 32.40, 35562, 1423
915, 0, 1, 73, 73, 10, 2.85%, 4, 0, 2, 29.57, 35716, 1423
920, 0, 1, 73, 73, 10, 2.85%, 4, 0, 2, 30.67, 35876, 1423
925, 0, 1, 73, 73, 10, 2.85%, 4, 0, 2, 30.32, 36028, 1423
930, 0, 1, 73, 73, 10, 2.85%, 4, 0, 2, 28.26, 36169, 1423
935, 0, 1, 73, 73, 10, 2.85%, 4, 0, 2, 31.40, 36336, 1423
940, 0, 1, 74, 74, 10, 2.85%, 4, 0, 2, 29.76, 36491, 1424
945, 0, 1, 74, 74, 10, 2.85%, 4, 0, 2, 30.16, 36650, 1424
950, 0, 1, 75, 75, 10, 2.85%, 4, 0, 2, 28.69, 36796, 1424
956, 0, 1, 75, 75, 10, 2.85%, 4, 0, 2, 34.46, 36974, 1424
961, 0, 1, 75, 75, 10, 2.85%, 4, 0, 2, 28.43, 37112, 1424
966, 0, 1, 75, 75, 10, 2.85%, 4, 0, 2, 26.38, 37246, 1424
971, 0, 1, 75, 75, 10, 2.85%, 4, 0, 2, 30.89, 37414, 1424
976, 0, 1, 75, 75, 10, 2.85%, 4, 0, 2, 34.15, 37591, 1424
981, 0, 1, 75, 75, 10, 2.85%, 4, 0, 2, 32.07, 37746, 1424
986, 0, 1, 75, 75, 10, 2.85%, 4, 0, 2, 33.25, 37889, 1424
992, 0, 1, 75, 75, 10, 2.85%, 4, 0, 2, 32.23, 38057, 1424
997, 0, 1, 75, 75, 10, 2.85%, 4, 0, 2, 33.14, 38224, 1424
1002, 0, 1, 75, 75, 10, 2.85%, 4, 0, 2, 44.26, 38462, 1424
1007, 0, 1, 75, 75, 10, 2.85%, 4, 0, 2, 32.93, 38620, 1424
1012, 0, 1, 75, 75, 10, 2.85%, 4, 0, 2, 31.67, 38775, 1424
1017, 0, 1, 75, 75, 10, 2.85%, 4, 0, 2, 30.84, 38926, 1424
1022, 0, 1, 75, 75, 10, 2.85%, 4, 0, 2, 32.22, 39093, 1424
1027, 0, 1, 75, 75, 10, 2.85%, 4, 0, 2, 30.58, 39243, 1424
1032, 0, 1, 75, 75, 10, 2.85%, 4, 0, 2, 30.92, 39388, 1424
1037, 0, 1, 75, 75, 10, 2.85%, 4, 0, 2, 34.24, 39586, 1424
1042, 0, 1, 75, 75, 10, 2.85%, 4, 0, 2, 31.90, 39744, 1424
1047, 0, 1, 75, 75, 10, 2.85%, 4, 0, 2, 30.72, 39895, 1424
1053, 0, 1, 75, 75, 10, 2.85%, 4, 0, 2, 31.47, 40060, 1424
1058, 0, 1, 75, 75, 10, 2.85%, 4, 0, 2, 27.80, 40207, 1424
1063, 0, 1, 75, 75, 10, 2.85%, 4, 0, 2, 27.04, 40343, 1424
1068, 0, 1, 75, 75, 10, 2.85%, 4, 0, 2, 30.78, 40497, 1424
1073, 0, 1, 75, 75, 10, 2.85%, 4, 0, 2, 29.11, 40645, 1424
1078, 0, 1, 75, 75, 10, 2.85%, 4, 0, 2, 25.83, 40767, 1424
1083, 0, 1, 75, 75, 10, 2.85%, 4, 0, 2, 29.51, 40930, 1424
1089, 0, 1, 75, 75, 10, 2.85%, 4, 0, 2, 29.86, 41074, 1424
1094, 0, 1, 75, 75, 10, 2.85%, 4, 0, 2, 29.31, 41233, 1424
1099, 0, 1, 75, 75, 10, 2.85%, 4, 0, 2, 29.69, 41375, 1424
1104, 0, 1, 75, 75, 10, 2.85%, 4, 0, 2, 31.83, 41542, 1424
1109, 0, 1, 75, 75, 10, 2.85%, 4, 0, 2, 32.04, 41697, 1424
1114, 0, 1, 75, 75, 10, 2.85%, 4, 0, 2, 30.98, 41850, 1424
1120, 0, 1, 75, 75, 10, 2.85%, 4, 0, 2, 41.34, 42113, 1424
1125, 0, 1, 75, 75, 10, 2.85%, 4, 0, 2, 32.83, 42269, 1424
1130, 0, 1, 75, 75, 10, 2.85%, 4, 0, 2, 30.23, 42410, 1424
1135, 0, 1, 75, 75, 10, 2.85%, 4, 0, 2, 34.14, 42590, 1424
1140, 0, 1, 75, 75, 10, 2.85%, 4, 0, 2, 34.13, 42762, 1424
1145, 0, 1, 75, 75, 10, 2.85%, 4, 0, 2, 31.71, 42926, 1424
1150, 0, 1, 75, 75, 10, 2.85%, 4, 0, 2, 32.89, 43098, 1424
1156, 0, 1, 75, 75, 10, 2.85%, 4, 0, 2, 42.27, 43319, 1424
1161, 0, 1, 75, 75, 10, 2.85%, 4, 0, 2, 35.88, 43492, 1424
1166, 0, 1, 75, 75, 10, 2.85%, 4, 0, 2, 27.79, 43627, 1424
1171, 0, 1, 75, 75, 10, 2.85%, 4, 0, 2, 34.33, 43802, 1424
1176, 0, 1, 75, 75, 10, 2.85%, 4, 0, 2, 33.49, 43967, 1424
1182, 0, 1, 75, 75, 10, 2.85%, 4, 0, 2, 30.46, 44135, 1424
1187, 0, 1, 75, 75, 10, 2.85%, 4, 0, 2, 36.74, 44316, 1424
1192, 0, 1, 75, 75, 10, 2.85%, 4, 0, 2, 33.87, 44475, 1424
1197, 0, 1, 75, 75, 10, 2.85%, 4, 0, 2, 30.85, 44613, 1424
1202, 0, 1, 75, 75, 10, 2.85%, 4, 0, 2, 32.45, 44774, 1424
1207, 0, 1, 75, 75, 10, 2.85%, 4, 0, 2, 28.00, 44901, 1424
1212, 0, 1, 75, 75, 10, 2.85%, 4, 0, 2, 5.19, 45019, 1424
1217, 0, 1, 75, 75, 10, 2.85%, 4, 0, 2, 24.14, 45175, 1424
1223, 0, 1, 75, 75, 10, 2.85%, 4, 0, 2, 26.22, 45309, 1424
1228, 0, 1, 75, 75, 10, 2.85%, 4, 0, 2, 21.24, 45408, 1424
1233, 0, 1, 75, 75, 10, 2.85%, 4, 0, 2, 23.81, 45543, 1424
1238, 0, 1, 75, 75, 10, 2.85%, 4, 0, 2, 29.66, 45690, 1424
1243, 0, 1, 75, 75, 10, 2.85%, 4, 0, 2, 31.64, 45849, 1424
1248, 0, 1, 75, 75, 10, 2.85%, 4, 0, 2, 29.72, 46000, 1424
1253, 0, 1, 75, 75, 10, 2.85%, 4, 0, 2, 39.10, 46198, 1424
1258, 0, 1, 75, 75, 10, 2.85%, 4, 0, 2, 34.55, 46367, 1424
1263, 0, 1, 75, 75, 10, 2.85%, 4, 0, 2, 28.56, 46504, 1424
1269, 0, 1, 75, 75, 10, 2.85%, 4, 0, 2, 31.00, 46650, 1424
1274, 0, 1, 75, 75, 10, 2.85%, 4, 0, 2, 26.12, 46781, 1424
1279, 0, 1, 75, 75, 10, 2.85%, 4, 0, 2, 28.07, 46936, 1424
1284, 0, 1, 75, 75, 10, 2.85%, 4, 0, 2, 30.16, 47089, 1424
1289, 0, 1, 75, 75, 10, 2.85%, 4, 0, 2, 28.23, 47218, 1424
1294, 0, 1, 75, 75, 10, 2.85%, 4, 0, 2, 25.82, 47348, 1424
1299, 0, 1, 75, 75, 10, 2.85%, 4, 0, 2, 27.91, 47481, 1424
1304, 0, 1, 75, 75, 10, 2.85%, 4, 0, 2, 29.99, 47629, 1424
1310, 0, 1, 75, 75, 10, 2.85%, 4, 0, 2, 32.32, 47804, 1424
1315, 0, 1, 75, 75, 10, 2.85%, 4, 0, 2, 33.29, 47970, 1424
1320, 0, 1, 75, 75, 10, 2.85%, 4, 0, 2, 31.51, 48133, 1424
1325, 0, 1, 75, 75, 10, 2.85%, 4, 0, 2, 31.39, 48290, 1424
1330, 0, 1, 75, 75, 10, 2.85%, 4, 0, 2, 27.80, 48429, 1424
1335, 0, 1, 75, 75, 10, 2.85%, 4, 0, 2, 33.58, 48608, 1424
1340, 0, 1, 75, 75, 10, 2.85%, 4, 0, 2, 28.48, 48754, 1424
1345, 0, 1, 75, 75, 10, 2.85%, 4, 0, 2, 25.12, 48873, 1424
1350, 0, 1, 75, 75, 10, 2.85%, 4, 0, 2, 29.55, 49031, 1424
1356, 0, 1, 75, 75, 10, 2.85%, 4, 0, 2, 27.77, 49177, 1424
1361, 0, 1, 75, 75, 10, 2.85%, 4, 0, 2, 33.14, 49344, 1424
1366, 0, 1, 75, 75, 10, 2.85%, 4, 0, 2, 37.65, 49536, 1424
1371, 0, 1, 75, 75, 10, 2.85%, 4, 0, 2, 32.10, 49703, 1424
1376, 0, 1, 75, 75, 10, 2.85%, 4, 0, 2, 30.78, 49853, 1424
1381, 0, 1, 75, 75, 10, 2.85%, 4, 0, 2, 35.09, 50036, 1424
1386, 0, 1, 75, 75, 10, 2.85%, 4, 0, 2, 38.80, 50237, 1424
1391, 0, 1, 75, 75, 10, 2.85%, 4, 0, 2, 37.82, 50431, 1424
1397, 0, 1, 75, 75, 10, 2.85%, 4, 0, 2, 29.21, 50571, 1424
1402, 0, 1, 75, 75, 10, 2.85%, 4, 0, 2, 29.56, 50718, 1424
1407, 0, 1, 75, 75, 10, 2.85%, 4, 0, 2, 30.96, 50884, 1424
1412, 0, 1, 75, 75, 10, 2.85%, 4, 0, 2, 29.53, 51041, 1424
1417, 0, 1, 75, 75, 10, 2.85%, 4, 0, 2, 25.79, 51171, 1424
1422, 0, 1, 75, 75, 10, 2.85%, 4, 0, 2, 27.29, 51321, 1424
1427, 0, 1, 75, 75, 10, 2.85%, 4, 0, 2, 29.71, 51467, 1424
1432, 0, 1, 75, 75, 10, 2.85%, 4, 0, 2, 28.46, 51609, 1424
1437, 0, 1, 75, 75, 10, 2.85%, 4, 0, 2, 35.34, 51792, 1424
1443, 0, 1, 75, 75, 10, 2.85%, 4, 0, 2, 31.52, 51948, 1424
1448, 0, 1, 75, 75, 10, 2.85%, 4, 0, 2, 37.55, 52143, 1424
1453, 0, 1, 75, 75, 10, 2.85%, 4, 0, 2, 33.61, 52312, 1424
1458, 0, 1, 75, 75, 10, 2.85%, 4, 0, 2, 55.31, 52600, 1424
1463, 0, 1, 75, 75, 10, 2.85%, 4, 0, 2, 34.59, 52746, 1424
1469, 0, 1, 75, 75, 10, 2.85%, 4, 0, 2, 31.07, 52899, 1424
1474, 0, 1, 75, 75, 10, 2.85%, 4, 0, 2, 34.64, 53093, 1424
1479, 0, 1, 75, 75, 10, 2.85%, 4, 0, 2, 31.17, 53231, 1424
1484, 0, 1, 75, 75, 10, 2.85%, 4, 0, 2, 30.75, 53392, 1424
1489, 0, 1, 75, 75, 10, 2.85%, 4, 0, 2, 31.07, 53549, 1424
1494, 0, 1, 75, 75, 10, 2.85%, 4, 0, 2, 5.11, 53690, 1424
1499, 0, 1, 75, 75, 10, 2.85%, 4, 0, 2, 33.29, 53850, 1424
1505, 0, 1, 75, 75, 10, 2.85%, 4, 0, 2, 34.64, 54026, 1424
1510, 0, 1, 75, 75, 10, 2.85%, 4, 0, 2, 28.21, 54159, 1424
1515, 0, 1, 75, 75, 10, 2.85%, 4, 0, 2, 30.61, 54319, 1424
1520, 0, 1, 75, 75, 10, 2.85%, 4, 0, 2, 28.74, 54453, 1424
1525, 0, 1, 76, 76, 10, 2.86%, 4, 0, 2, 30.82, 54609, 1425
1530, 0, 1, 76, 76, 10, 2.86%, 4, 0, 2, 30.13, 54757, 1425
1535, 0, 1, 76, 76, 10, 2.86%, 4, 0, 2, 31.68, 54920, 1425
1540, 0, 1, 76, 76, 10, 2.86%, 4, 0, 2, 26.31, 55040, 1425
1545, 0, 1, 76, 76, 10, 2.86%, 4, 0, 2, 24.04, 55173, 1425
1551, 0, 1, 76, 76, 10, 2.86%, 4, 0, 2, 25.96, 55309, 1425
1556, 0, 1, 76, 76, 10, 2.86%, 4, 0, 2, 31.12, 55462, 1425
1561, 0, 1, 76, 76, 10, 2.86%, 4, 0, 2, 30.70, 55626, 1425
1566, 0, 1, 76, 76, 10, 2.86%, 4, 0, 2, 34.05, 55801, 1425
1571, 0, 1, 76, 76, 10, 2.86%, 4, 0, 2, 30.06, 55954, 1425
1576, 0, 1, 76, 76, 10, 2.86%, 4, 0, 2, 28.88, 56098, 1425
1581, 0, 1, 76, 76, 10, 2.86%, 4, 0, 2, 30.93, 56265, 1425
1586, 0, 1, 76, 76, 10, 2.86%, 4, 0, 2, 35.31, 56474, 1425
1591, 0, 1, 76, 76, 10, 2.86%, 4, 0, 2, 31.19, 56628, 1425
1597, 0, 1, 76, 76, 10, 2.86%, 4, 0, 2, 34.89, 56806, 1425
1602, 0, 1, 76, 76, 10, 2.86%, 4, 0, 2, 34.80, 56976, 1425
1607, 0, 1, 76, 76, 10, 2.86%, 4, 0, 2, 33.38, 57156, 1425
1612, 0, 1, 76, 76, 10, 2.86%, 4, 0, 2, 33.76, 57308, 1425
1617, 0, 1, 76, 76, 10, 2.86%, 4, 0, 2, 34.37, 57494, 1425
1622, 0, 1, 76, 76, 10, 2.86%, 4, 0, 2, 37.69, 57705, 1425
1627, 0, 1, 76, 76, 10, 2.86%, 4, 0, 2, 34.70, 57877, 1425
1632, 0, 1, 76, 76, 10, 2.86%, 4, 0, 2, 34.80, 58047, 1425
1637, 0, 1, 76, 76, 10, 2.86%, 4, 0, 2, 32.12, 58209, 1425
1643, 0, 1, 76, 76, 10, 2.86%, 4, 0, 2, 33.65, 58373, 1425
1648, 0, 1, 76, 76, 10, 2.86%, 4, 0, 2, 33.19, 58541, 1425
1653, 0, 1, 76, 76, 10, 2.86%, 4, 0, 2, 32.65, 58703, 1425
1658, 0, 1, 76, 76, 10, 2.86%, 4, 0, 2, 32.83, 58872, 1425
1663, 0, 1, 76, 76, 10, 2.86%, 4, 0, 2, 36.70, 59062, 1425
1668, 0, 1, 76, 76, 10, 2.86%, 4, 0, 2, 32.94, 59221, 1425
1673, 0, 1, 76, 76, 10, 2.86%, 4, 0, 2, 32.08, 59384, 1425
1678, 0, 1, 76, 76, 10, 2.86%, 4, 0, 2, 28.58, 59523, 1425
1683, 0, 1, 76, 76, 10, 2.86%, 4, 0, 2, 39.95, 59749, 1425
1689, 0, 1, 76, 76, 10, 2.86%, 4, 0, 2, 32.43, 59916, 1425
1694, 0, 1, 76, 76, 10, 2.86%, 4, 0, 2, 30.65, 60071, 1425
1699, 0, 1, 76, 76, 10, 2.86%, 4, 0, 2, 37.41, 60276, 1425
1704, 0, 1, 76, 76, 10, 2.86%, 4, 0, 2, 38.34, 60478, 1425
1709, 0, 1, 76, 76, 10, 2.86%, 4, 0, 2, 33.25, 60643, 1425
1714, 0, 1, 76, 76, 10, 2.86%, 4, 0, 2, 34.43, 60821, 1425
1719, 0, 1, 76, 76, 10, 2.86%, 4, 0, 2, 32.17, 60982, 1425
1724, 0, 1, 76, 76, 10, 2.86%, 4, 0, 2, 32.03, 61137, 1425
1729, 0, 1, 76, 76, 10, 2.86%, 4, 0, 2, 31.37, 61306, 1425
1735, 0, 1, 76, 76, 10, 2.86%, 4, 0, 2, 35.00, 61488, 1425
1740, 0, 1, 76, 76, 10, 2.86%, 4, 0, 2, 34.48, 61655, 1425
1745, 0, 1, 76, 76, 10, 2.86%, 4, 0, 2, 30.06, 61800, 1425
1750, 0, 1, 76, 76, 10, 2.86%, 4, 0, 2, 35.41, 61977, 1425
1755, 0, 1, 76, 76, 10, 2.86%, 4, 0, 2, 28.23, 62122, 1425
1760, 0, 1, 76, 76, 10, 2.86%, 4, 0, 2, 36.26, 62306, 1425
1765, 0, 1, 76, 76, 10, 2.86%, 4, 0, 2, 29.42, 62454, 1425
1770, 0, 1, 76, 76, 10, 2.86%, 4, 0, 2, 33.90, 62624, 1425
1775, 0, 1, 76, 76, 10, 2.86%, 4, 0, 2, 31.88, 62778, 1425
1780, 0, 1, 76, 76, 10, 2.86%, 4, 0, 2, 32.87, 62943, 1425
1785, 0, 1, 76, 76, 10, 2.86%, 4, 0, 2, 34.03, 63111, 1425
1791, 0, 1, 76, 76, 10, 2.86%, 4, 0, 2, 30.76, 63276, 1425
1796, 0, 1, 76, 76, 10, 2.86%, 4, 0, 2, 35.32, 63459, 1425
1801, 0, 1, 76, 76, 10, 2.86%, 4, 0, 2, 29.72, 63615, 1425
1806, 0, 1, 76, 76, 10, 2.86%, 4, 0, 2, 31.15, 63772, 1425
1811, 0, 1, 76, 76, 10, 2.86%, 4, 0, 2, 33.01, 63932, 1425
1816, 0, 1, 76, 76, 10, 2.86%, 4, 0, 2, 35.72, 64109, 1425
1821, 0, 1, 76, 76, 10, 2.86%, 4, 0, 2, 32.38, 64268, 1425
1826, 0, 1, 76, 76, 10, 2.86%, 4, 0, 2, 27.82, 64389, 1425
1831, 0, 1, 76, 76, 10, 2.86%, 4, 0, 2, 30.40, 64554, 1425
1836, 0, 1, 76, 76, 10, 2.86%, 4, 0, 2, 30.05, 64707, 1425
1841, 0, 1, 76, 76, 10, 2.86%, 4, 0, 2, 30.69, 64857, 1425
1847, 0, 1, 76, 76, 10, 2.86%, 4, 0, 2, 28.11, 65002, 1425
1852, 0, 1, 76, 76, 10, 2.86%, 4, 0, 2, 28.49, 65135, 1425
1857, 0, 1, 76, 76, 10, 2.86%, 4, 0, 2, 33.35, 65303, 1425
1862, 0, 1, 76, 76, 10, 2.86%, 4, 0, 2, 24.22, 65406, 1425
1867, 0, 1, 76, 76, 10, 2.86%, 4, 0, 2, 30.16, 65561, 1425
1872, 0, 1, 76, 76, 10, 2.86%, 4, 0, 2, 32.68, 65731, 1425
1877, 0, 1, 76, 76, 10, 2.86%, 4, 0, 2, 29.11, 65868, 1425
1882, 0, 1, 76, 76, 10, 2.86%, 4, 0, 2, 23.98, 65984, 1425
1887, 0, 1, 76, 76, 10, 2.86%, 4, 0, 2, 28.69, 66143, 1425
1892, 0, 1, 76, 76, 10, 2.86%, 4, 0, 2, 32.10, 66320, 1425
1897, 0, 1, 76, 76, 10, 2.86%, 4, 0, 2, 29.70, 66466, 1425
1903, 0, 1, 76, 76, 10, 2.86%, 4, 0, 2, 30.88, 66627, 1425
1908, 0, 1, 76, 76, 10, 2.86%, 4, 0, 2, 31.09, 66782, 1425
1913, 0, 1, 76, 76, 10, 2.86%, 4, 0, 2, 30.44, 66941, 1425
1918, 0, 1, 76, 76, 10, 2.86%, 4, 0, 2, 36.95, 67131, 1425
1923, 0, 1, 76, 76, 10, 2.86%, 4, 0, 2, 31.66, 67277, 1425
1928, 0, 1, 76, 76, 10, 2.86%, 4, 0, 2, 33.73, 67454, 1425
1933, 0, 1, 76, 76, 10, 2.86%, 4, 0, 2, 37.25, 67632, 1425
1938, 0, 1, 76, 76, 10, 2.86%, 4, 0, 2, 31.44, 67779, 1425
1943, 0, 1, 76, 76, 10, 2.86%, 4, 0, 2, 31.58, 67938, 1425
1948, 0, 1, 76, 76, 10, 2.86%, 4, 0, 2, 30.59, 68092, 1425
1953, 0, 1, 76, 76, 10, 2.86%, 4, 0, 2, 22.22, 68191, 1425
1959, 0, 1, 76, 76, 10, 2.86%, 4, 0, 2, 30.10, 68354, 1425
1964, 0, 1, 76, 76, 10, 2.86%, 4, 0, 2, 31.02, 68513, 1425
1969, 0, 1, 76, 76, 10, 2.86%, 4, 0, 2, 42.14, 68719, 1425
1974, 0, 1, 76, 76, 10, 2.86%, 4, 0, 2, 11.08, 69075, 1425
1979, 0, 1, 76, 76, 10, 2.86%, 4, 0, 2, 24.01, 69222, 1425
1984, 0, 1, 76, 76, 10, 2.86%, 4, 0, 2, 27.56, 69371, 1425
1989, 0, 1, 76, 76, 10, 2.86%, 4, 0, 2, 23.93, 69489, 1425
1994, 0, 1, 76, 76, 10, 2.86%, 4, 0, 2, 28.83, 69640, 1425
1999, 0, 1, 76, 76, 10, 2.86%, 4, 0, 2, 29.60, 69788, 1425
2004, 0, 1, 76, 76, 10, 2.86%, 4, 0, 2, 35.36, 69976, 1425
2009, 0, 1, 76, 76, 10, 2.86%, 4, 0, 2, 41.68, 70174, 1425
2014, 0, 1, 76, 76, 10, 2.86%, 4, 0, 2, 33.67, 70337, 1425
2020, 0, 1, 76, 76, 10, 2.86%, 4, 0, 2, 30.78, 70498, 1425
2025, 0, 1, 76, 76, 10, 2.86%, 4, 0, 2, 28.94, 70649, 1425
2030, 0, 1, 76, 76, 10, 2.86%, 4, 0, 2, 28.87, 70792, 1425
2035, 0, 1, 76, 76, 10, 2.86%, 4, 0, 2, 30.89, 70943, 1425
2040, 0, 1, 76, 76, 10, 2.86%, 4, 0, 2, 27.84, 71075, 1425
2045, 0, 1, 76, 76, 10, 2.86%, 4, 0, 2, 30.03, 71238, 1425
2050, 0, 1, 76, 76, 10, 2.86%, 4, 0, 2, 27.62, 71380, 1425
2055, 0, 1, 76, 76, 10, 2.86%, 4, 0, 2, 27.95, 71524, 1425
2060, 0, 1, 76, 76, 10, 2.86%, 4, 0, 2, 25.55, 71650, 1425
2066, 0, 1, 76, 76, 10, 2.86%, 4, 0, 2, 24.72, 71775, 1425
2071, 0, 1, 76, 76, 10, 2.86%, 4, 0, 2, 21.56, 71882, 1425
2076, 0, 1, 76, 76, 10, 2.86%, 4, 0, 2, 31.75, 72054, 1425
2081, 0, 1, 76, 76, 10, 2.86%, 4, 0, 2, 37.61, 72261, 1425
2086, 0, 1, 76, 76, 10, 2.86%, 4, 0, 2, 33.26, 72428, 1425
2091, 0, 1, 76, 76, 10, 2.86%, 4, 0, 2, 32.34, 72583, 1425
2096, 0, 1, 76, 76, 10, 2.86%, 4, 0, 2, 33.48, 72747, 1425
2101, 0, 1, 76, 76, 10, 2.86%, 4, 0, 2, 28.77, 72898, 1425
2107, 0, 1, 76, 76, 10, 2.86%, 4, 0, 2, 42.75, 73120, 1425
2112, 0, 1, 76, 76, 10, 2.86%, 4, 0, 2, 33.92, 73280, 1425
2117, 0, 1, 76, 76, 10, 2.86%, 4, 0, 2, 34.55, 73450, 1425
2122, 0, 1, 76, 76, 10, 2.86%, 4, 0, 2, 34.64, 73613, 1425
2127, 0, 1, 76, 76, 10, 2.86%, 4, 0, 2, 34.12, 73780, 1425
2132, 0, 1, 76, 76, 10, 2.86%, 4, 0, 2, 36.07, 73960, 1425
2137, 0, 1, 76, 76, 10, 2.86%, 4, 0, 2, 38.34, 74151, 1425
2142, 0, 1, 76, 76, 10, 2.86%, 4, 0, 2, 32.49, 74301, 1425
2147, 0, 1, 76, 76, 10, 2.86%, 4, 0, 2, 33.99, 74477, 1425
2152, 0, 1, 76, 76, 10, 2.86%, 4, 0, 2, 34.67, 74647, 1425
2157, 0, 1, 76, 76, 10, 2.86%, 4, 0, 2, 32.15, 74799, 1425
2163, 0, 1, 76, 76, 10, 2.86%, 4, 0, 2, 41.60, 74993, 1425
2168, 0, 1, 76, 76, 10, 2.86%, 4, 0, 2, 38.69, 75195, 1425
2173, 0, 1, 76, 76, 10, 2.86%, 4, 0, 2, 35.04, 75359, 1425
2178, 0, 1, 76, 76, 10, 2.86%, 4, 0, 2, 33.49, 75520, 1425
2183, 0, 1, 76, 76, 10, 2.86%, 4, 0, 2, 30.52, 75671, 1425
2188, 0, 1, 76, 76, 10, 2.86%, 4, 0, 2, 34.45, 75850, 1425
2194, 0, 1, 76, 76, 10, 2.86%, 4, 0, 2, 33.72, 76021, 1425
2199, 0, 1, 76, 76, 10, 2.86%, 4, 0, 2, 34.81, 76191, 1425
2204, 0, 1, 76, 76, 10, 2.86%, 4, 0, 2, 35.41, 76372, 1425
2209, 0, 1, 76, 76, 10, 2.86%, 4, 0, 2, 31.46, 76536, 1425
2214, 0, 1, 76, 76, 10, 2.86%, 4, 0, 2, 33.48, 76708, 1425
2219, 0, 1, 76, 76, 10, 2.86%, 4, 0, 2, 27.22, 76850, 1425
2224, 0, 1, 76, 76, 10, 2.86%, 4, 0, 2, 31.21, 76997, 1425
2229, 0, 1, 76, 76, 10, 2.86%, 4, 0, 2, 34.10, 77182, 1425
2234, 0, 1, 76, 76, 10, 2.86%, 4, 0, 2, 31.77, 77328, 1425
2239, 0, 1, 76, 76, 10, 2.86%, 4, 0, 2, 33.03, 77501, 1425
2245, 0, 1, 76, 76, 10, 2.86%, 4, 0, 2, 31.45, 77671, 1425
2250, 0, 1, 76, 76, 10, 2.86%, 4, 0, 2, 32.12, 77819, 1425
2255, 0, 1, 76, 76, 10, 2.86%, 4, 0, 2, 35.72, 77996, 1425
2260, 0, 1, 76, 76, 10, 2.86%, 4, 0, 2, 33.65, 78162, 1425
2265, 0, 1, 76, 76, 10, 2.86%, 4, 0, 2, 36.00, 78333, 1425
2270, 0, 1, 76, 76, 10, 2.86%, 4, 0, 2, 31.88, 78482, 1425
2275, 0, 1, 76, 76, 10, 2.86%, 4, 0, 2, 30.97, 78643, 1425
2280, 0, 1, 76, 76, 10, 2.86%, 4, 0, 2, 33.90, 78805, 1425
2285, 0, 1, 76, 76, 10, 2.86%, 4, 0, 2, 32.85, 78974, 1425
2290, 0, 1, 76, 76, 10, 2.86%, 4, 0, 2, 34.04, 79148, 1425
2296, 0, 1, 76, 76, 10, 2.86%, 4, 0, 2, 37.63, 79315, 1425
2301, 0, 1, 76, 76, 10, 2.86%, 4, 0, 2, 35.85, 79505, 1425
2306, 0, 1, 76, 76, 10, 2.86%, 4, 0, 2, 32.89, 79663, 1425
2311, 0, 1, 76, 76, 10, 2.86%, 4, 0, 2, 31.01, 79817, 1425
2316, 0, 1, 76, 76, 10, 2.86%, 4, 0, 2, 29.89, 79977, 1425
2321, 0, 1, 76, 76, 10, 2.86%, 4, 0, 2, 29.42, 80127, 1425
2326, 0, 1, 76, 76, 10, 2.86%, 4, 0, 2, 40.67, 80360, 1425
2332, 0, 1, 76, 76, 10, 2.86%, 4, 0, 2, 37.48, 80546, 1425
2337, 0, 1, 76, 76, 10, 2.86%, 4, 0, 2, 42.31, 80688, 1425
2342, 0, 1, 76, 76, 10, 2.86%, 4, 0, 2, 31.13, 80817, 1425
2347, 0, 1, 76, 76, 10, 2.86%, 4, 0, 2, 26.71, 80934, 1425
2352, 0, 1, 76, 76, 10, 2.86%, 4, 0, 2, 26.31, 81046, 1425
2357, 0, 1, 76, 76, 10, 2.86%, 4, 0, 2, 43.72, 81300, 1425
2362, 0, 1, 76, 76, 10, 2.86%, 4, 0, 2, 32.25, 81447, 1425
2367, 0, 1, 76, 76, 10, 2.86%, 4, 0, 2, 33.46, 81623, 1425
2372, 0, 1, 76, 76, 10, 2.86%, 4, 0, 2, 36.30, 81812, 1425
2377, 0, 1, 76, 76, 10, 2.86%, 4, 0, 2, 39.97, 82008, 1425
2382, 0, 1, 76, 76, 10, 2.86%, 4, 0, 2, 32.20, 82167, 1425
2388, 0, 1, 76, 76, 10, 2.86%, 4, 0, 2, 30.99, 82314, 1425
2393, 0, 1, 76, 76, 10, 2.86%, 4, 0, 2, 35.85, 82511, 1425
2398, 0, 1, 76, 76, 10, 2.86%, 4, 0, 2, 28.55, 82653, 1425
2403, 0, 1, 76, 76, 10, 2.86%, 4, 0, 2, 29.80, 82799, 1425
2408, 0, 1, 76, 76, 10, 2.86%, 4, 0, 2, 33.29, 82964, 1425
2413, 0, 1, 76, 76, 10, 2.86%, 4, 0, 2, 38.37, 83145, 1425
2418, 0, 1, 76, 76, 10, 2.86%, 4, 0, 2, 30.49, 83296, 1425
2423, 0, 1, 76, 76, 10, 2.86%, 4, 0, 2, 33.72, 83476, 1425
2429, 0, 1, 77, 77, 10, 2.86%, 4, 0, 2, 30.29, 83633, 1428
2434, 0, 1, 77, 77, 10, 2.86%, 4, 0, 2, 31.91, 83786, 1428
2439, 0, 1, 77, 77, 10, 2.86%, 4, 0, 2, 30.46, 83929, 1428
2444, 0, 1, 77, 77, 10, 2.86%, 4, 0, 2, 34.13, 84115, 1428
2449, 0, 1, 77, 77, 10, 2.86%, 4, 0, 2, 33.26, 84280, 1428
2454, 0, 1, 77, 77, 10, 2.86%, 4, 0, 2, 32.11, 84436, 1428
2459, 0, 1, 77, 77, 10, 2.86%, 4, 0, 2, 32.93, 84606, 1428
2464, 0, 1, 77, 77, 10, 2.86%, 4, 0, 2, 32.11, 84765, 1428
2469, 0, 1, 77, 77, 10, 2.86%, 4, 0, 2, 33.22, 84937, 1428
2474, 0, 1, 77, 77, 10, 2.86%, 4, 0, 2, 33.62, 85102, 1428
2479, 0, 1, 77, 77, 10, 2.86%, 4, 0, 2, 36.95, 85278, 1428
2485, 0, 1, 77, 77, 10, 2.86%, 4, 0, 2, 32.45, 85436, 1428
2490, 0, 1, 77, 77, 10, 2.86%, 4, 0, 2, 32.00, 85612, 1428
2495, 0, 1, 77, 77, 10, 2.86%, 4, 0, 2, 31.11, 85773, 1428
2500, 0, 1, 77, 77, 10, 2.86%, 4, 0, 2, 33.91, 85958, 1428
2505, 0, 1, 77, 77, 10, 2.86%, 4, 0, 2, 30.83, 86108, 1428
2510, 0, 1, 77, 77, 10, 2.86%, 4, 0, 2, 33.04, 86268, 1428
2516, 0, 1, 77, 77, 10, 2.86%, 4, 0, 2, 35.66, 86474, 1428
2521, 0, 1, 77, 77, 10, 2.86%, 4, 0, 2, 30.86, 86620, 1428
2526, 0, 1, 77, 77, 10, 2.86%, 4, 0, 2, 22.11, 86721, 1428
2531, 0, 1, 77, 77, 10, 2.86%, 4, 0, 2, 28.25, 86878, 1428
2536, 0, 1, 77, 77, 10, 2.86%, 4, 0, 2, 28.40, 87008, 1428
2541, 0, 1, 77, 77, 10, 2.86%, 4, 0, 2, 26.95, 87134, 1428
2546, 0, 1, 77, 77, 10, 2.86%, 4, 0, 2, 31.30, 87296, 1428
2552, 0, 1, 77, 77, 10, 2.86%, 4, 0, 2, 4.83, 87501, 1428
2557, 0, 1, 77, 77, 10, 2.86%, 4, 0, 2, 32.74, 87655, 1428
2562, 0, 1, 77, 77, 10, 2.86%, 4, 0, 2, 28.98, 87799, 1428
2567, 0, 1, 77, 77, 10, 2.86%, 4, 0, 2, 28.41, 87945, 1428
2572, 0, 1, 77, 77, 10, 2.86%, 4, 0, 2, 28.41, 88096, 1428
2577, 0, 1, 77, 77, 10, 2.86%, 4, 0, 2, 32.31, 88268, 1428
2582, 0, 1, 77, 77, 10, 2.86%, 4, 0, 2, 27.85, 88399, 1428
2587, 0, 1, 77, 77, 10, 2.86%, 4, 0, 2, 4.63, 88537, 1428
2593, 0, 1, 77, 77, 10, 2.86%, 4, 0, 2, 22.60, 88671, 1428
2598, 0, 1, 77, 77, 10, 2.86%, 4, 0, 2, 30.24, 88835, 1428
2603, 0, 1, 77, 77, 10, 2.86%, 4, 0, 2, 33.69, 89012, 1428
2608, 0, 1, 77, 77, 10, 2.86%, 4, 0, 2, 26.11, 89144, 1428
2613, 0, 1, 77, 77, 10, 2.86%, 4, 0, 2, 32.78, 89317, 1428
2618, 0, 1, 77, 77, 10, 2.86%, 4, 0, 2, 31.21, 89490, 1428
2623, 0, 1, 77, 77, 10, 2.86%, 4, 0, 2, 29.78, 89637, 1428
2629, 0, 1, 77, 77, 10, 2.86%, 4, 0, 2, 26.70, 89770, 1428
2634, 0, 1, 77, 77, 10, 2.86%, 4, 0, 2, 33.49, 89946, 1428
2639, 0, 1, 77, 77, 10, 2.86%, 4, 0, 2, 31.58, 90101, 1428
2644, 0, 1, 77, 77, 10, 2.86%, 4, 0, 2, 31.07, 90262, 1428
2649, 0, 1, 77, 77, 10, 2.86%, 4, 0, 2, 32.03, 90433, 1428
2654, 0, 1, 77, 77, 10, 2.86%, 4, 0, 2, 31.70, 90593, 1428
2660, 0, 1, 77, 77, 10, 2.86%, 4, 0, 2, 28.44, 90743, 1428
2665, 0, 1, 77, 77, 10, 2.86%, 4, 0, 2, 28.88, 90896, 1428
2670, 0, 1, 77, 77, 10, 2.86%, 4, 0, 2, 27.52, 91031, 1428
2675, 0, 1, 77, 77, 10, 2.86%, 4, 0, 2, 28.31, 91177, 1428
2680, 0, 1, 77, 77, 10, 2.86%, 4, 0, 2, 42.32, 91416, 1428
2685, 0, 1, 77, 77, 10, 2.86%, 4, 0, 2, 31.45, 91550, 1428
2690, 0, 1, 77, 77, 10, 2.86%, 4, 0, 2, 33.64, 91718, 1428
2695, 0, 1, 77, 77, 10, 2.86%, 4, 0, 2, 42.78, 91926, 1428
2700, 0, 1, 77, 77, 10, 2.86%, 4, 0, 2, 33.42, 92086, 1428
2705, 0, 1, 77, 77, 10, 2.86%, 4, 0, 2, 34.05, 92246, 1428
2710, 0, 1, 77, 77, 10, 2.86%, 4, 0, 2, 33.19, 92420, 1428
2716, 0, 1, 77, 77, 10, 2.86%, 4, 0, 2, 28.22, 92562, 1428
2721, 0, 1, 77, 77, 10, 2.86%, 4, 0, 2, 29.24, 92719, 1428
2726, 0, 1, 77, 77, 10, 2.86%, 4, 0, 2, 40.67, 92919, 1428
2731, 0, 1, 77, 77, 10, 2.86%, 4, 0, 2, 30.28, 93060, 1428
2736, 0, 1, 77, 77, 10, 2.86%, 4, 0, 2, 33.50, 93235, 1428
2741, 0, 1, 77, 77, 10, 2.86%, 4, 0, 2, 37.98, 93428, 1428
2746, 0, 1, 77, 77, 10, 2.86%, 4, 0, 2, 35.34, 93591, 1428
2751, 0, 1, 77, 77, 10, 2.86%, 4, 0, 2, 26.62, 93712, 1428
2756, 0, 1, 77, 77, 10, 2.86%, 4, 0, 2, 26.27, 93835, 1428
2761, 0, 1, 77, 77, 10, 2.86%, 4, 0, 2, 10.91, 93974, 1428
2767, 0, 1, 77, 77, 10, 2.86%, 4, 0, 2, 31.85, 94164, 1428
2772, 0, 1, 77, 77, 10, 2.86%, 4, 0, 2, 38.19, 94337, 1428
2777, 0, 1, 77, 77, 10, 2.86%, 4, 0, 2, 37.69, 94528, 1428
2782, 0, 1, 77, 77, 10, 2.86%, 4, 0, 2, 34.83, 94695, 1428
2787, 0, 1, 77, 77, 10, 2.86%, 4, 0, 2, 36.05, 94882, 1428
2792, 0, 1, 77, 77, 10, 2.86%, 4, 0, 2, 33.49, 95044, 1428
2797, 0, 1, 77, 77, 10, 2.86%, 4, 0, 2, 36.44, 95231, 1428
2802, 0, 1, 77, 77, 10, 2.86%, 4, 0, 2, 37.49, 95434, 1428
2807, 0, 1, 77, 77, 10, 2.86%, 4, 0, 2, 35.87, 95610, 1428
2812, 0, 1, 77, 77, 10, 2.86%, 4, 0, 2, 33.96, 95773, 1428
2817, 0, 1, 77, 77, 10, 2.86%, 4, 0, 2, 30.82, 95922, 1428
2822, 0, 1, 77, 77, 10, 2.86%, 4, 0, 2, 35.95, 96099, 1428
2827, 0, 1, 77, 77, 10, 2.86%, 4, 0, 2, 33.00, 96262, 1428
2832, 0, 1, 77, 77, 10, 2.86%, 4, 0, 2, 29.17, 96405, 1428
2837, 0, 1, 77, 77, 10, 2.86%, 4, 0, 2, 27.73, 96540, 1428
2843, 0, 1, 77, 77, 10, 2.86%, 4, 0, 2, 28.08, 96674, 1428
2848, 0, 1, 77, 77, 10, 2.86%, 4, 0, 2, 29.68, 96832, 1428
2853, 0, 1, 77, 77, 10, 2.86%, 4, 0, 2, 35.93, 97021, 1428
2858, 0, 1, 77, 77, 10, 2.86%, 4, 0, 2, 38.49, 97211, 1428
2863, 0, 1, 77, 77, 10, 2.86%, 4, 0, 2, 34.02, 97378, 1428
2868, 0, 1, 77, 77, 10, 2.86%, 4, 0, 2, 27.29, 97505, 1428
2873, 0, 1, 77, 77, 10, 2.86%, 4, 0, 2, 36.68, 97685, 1428
2879, 0, 1, 77, 77, 10, 2.86%, 4, 0, 2, 34.59, 97856, 1428
2884, 0, 1, 77, 77, 10, 2.86%, 4, 0, 2, 31.08, 98007, 1428
2889, 0, 1, 77, 77, 10, 2.86%, 4, 0, 2, 31.70, 98148, 1428
2894, 0, 1, 77, 77, 10, 2.86%, 4, 0, 2, 34.54, 98323, 1428
2899, 0, 1, 77, 77, 10, 2.86%, 4, 0, 2, 38.01, 98524, 1428
2904, 0, 1, 80, 80, 10, 2.87%, 4, 0, 2, 36.96, 98704, 1432
2910, 0, 1, 84, 84, 10, 2.89%, 5, 0, 2, 35.29, 98885, 1444
2915, 0, 1, 90, 90, 10, 2.90%, 5, 0, 2, 36.21, 99074, 1447
2920, 0, 1, 99, 99, 10, 2.90%, 6, 0, 2, 38.34, 99257, 1448
2926, 0, 1, 107, 107, 10, 2.92%, 8, 0, 2, 37.58, 99434, 1457
2931, 0, 1, 114, 114, 10, 2.92%, 11, 0, 2, 37.49, 99624, 1457
2936, 0, 1, 120, 120, 10, 2.93%, 14, 0, 2, 32.38, 99790, 1462
2942, 0, 1, 124, 124, 10, 2.93%, 17, 0, 2, 31.74, 99949, 1464
2947, 0, 1, 131, 131, 10, 2.94%, 20, 0, 2, 32.69, 100124, 1466
2952, 0, 1, 136, 136, 10, 2.94%, 21, 0, 2, 34.08, 100286, 1466
2958, 0, 1, 141, 141, 10, 2.94%, 22, 0, 2, 33.59, 100463, 1466
2963, 0, 1, 143, 143, 10, 2.94%, 23, 0, 2, 32.87, 100623, 1466
2968, 0, 1, 147, 147, 10, 2.95%, 24, 0, 2, 30.43, 100761, 1472
2973, 0, 1, 150, 150, 10, 2.95%, 25, 0, 2, 30.83, 100923, 1472
2978, 0, 1, 155, 155, 10, 2.95%, 27, 0, 2, 37.07, 101129, 1472
2983, 0, 1, 158, 158, 10, 2.96%, 30, 0, 2, 43.10, 101302, 1475
2988, 0, 1, 160, 160, 10, 2.96%, 33, 0, 2, 43.17, 101519, 1475
2994, 0, 1, 163, 163, 10, 2.96%, 33, 0, 2, 40.57, 101709, 1475
2999, 0, 1, 166, 166, 10, 2.96%, 33, 0, 2, 40.43, 101900, 1477
3004, 0, 1, 166, 166, 10, 2.96%, 34, 0, 2, 35.89, 102076, 1477
3009, 0, 1, 169, 169, 10, 2.96%, 34, 0, 2, 30.76, 102224, 1477
3014, 0, 1, 171, 171, 10, 2.96%, 34, 0, 2, 33.20, 102396, 1477
3019, 0, 1, 174, 174, 10, 2.96%, 34, 0, 2, 37.56, 102592, 1477
3025, 0, 1, 176, 176, 10, 2.96%, 34, 0, 2, 8.01, 102789, 1477
3030, 0, 1, 178, 178, 10, 2.96%, 35, 0, 2, 51.84, 103012, 1477
3035, 0, 1, 181, 181, 10, 2.96%, 36, 0, 2, 43.34, 103209, 1477
3040, 0, 1, 182, 182, 10, 2.96%, 37, 0, 2, 37.64, 103390, 1477
3046, 0, 1, 184, 184, 10, 2.96%, 40, 0, 2, 34.84, 103538, 1478
3051, 0, 1, 185, 185, 10, 2.96%, 40, 0, 2, 38.13, 103738, 1478
3056, 0, 1, 186, 186, 10, 2.96%, 41, 0, 2, 36.53, 103914, 1478
3061, 0, 1, 186, 186, 10, 2.96%, 41, 0, 2, 38.22, 104098, 1478
3066, 0, 1, 186, 186, 10, 2.96%, 41, 0, 2, 35.19, 104268, 1478
3071, 0, 1, 187, 187, 10, 2.98%, 41, 0, 2, 34.84, 104441, 1487
3077, 0, 1, 188, 188, 10, 2.98%, 41, 0, 2, 33.20, 104612, 1487
3082, 0, 1, 188, 188, 10, 2.98%, 41, 0, 2, 38.44, 104811, 1487
3087, 0, 1, 188, 188, 10, 2.98%, 43, 0, 2, 35.93, 104998, 1487
3092, 0, 1, 188, 188, 10, 2.98%, 43, 0, 2, 33.21, 105174, 1487
3097, 0, 1, 189, 189, 10, 2.98%, 44, 0, 2, 35.54, 105342, 1487
3102, 0, 1, 191, 191, 10, 2.98%, 44, 0, 2, 40.34, 105542, 1487
3107, 0, 1, 191, 191, 10, 2.98%, 46, 0, 2, 40.71, 105754, 1487
3112, 0, 1, 191, 191, 10, 2.98%, 46, 0, 2, 37.43, 105941, 1487
3118, 0, 1, 191, 191, 10, 2.98%, 47, 0, 2, 40.85, 106143, 1487
3123, 0, 1, 191, 191, 10, 2.98%, 48, 0, 2, 38.62, 106339, 1487
3128, 0, 1, 191, 191, 10, 2.98%, 49, 0, 2, 39.49, 106545, 1487
3133, 0, 1, 192, 192, 10, 2.98%, 49, 0, 2, 32.24, 106684, 1487
3138, 0, 1, 192, 192, 10, 2.98%, 49, 0, 2, 41.27, 106902, 1487
3143, 0, 1, 194, 194, 10, 2.98%, 49, 0, 2, 39.95, 107091, 1487
3148, 0, 1, 194, 194, 10, 2.98%, 49, 0, 2, 34.79, 107267, 1487
3153, 0, 1, 194, 194, 10, 2.98%, 49, 0, 2, 34.99, 107441, 1487
3158, 0, 1, 194, 194, 10, 2.98%, 49, 0, 2, 38.08, 107618, 1487
3163, 0, 1, 194, 194, 10, 2.98%, 49, 0, 2, 35.18, 107789, 1487
3169, 0, 1, 196, 196, 10, 2.98%, 49, 0, 2, 36.05, 107960, 1487
3174, 0, 1, 196, 196, 10, 2.98%, 49, 0, 2, 33.77, 108132, 1487
3179, 0, 1, 196, 196, 10, 2.98%, 49, 0, 2, 41.94, 108354, 1487
3184, 0, 1, 196, 196, 10, 2.98%, 49, 0, 2, 40.45, 108550, 1487
3189, 0, 1, 196, 196, 10, 2.98%, 49, 0, 2, 32.41, 108712, 1487
3194, 0, 1, 196, 196, 10, 2.98%, 49, 0, 2, 37.85, 108911, 1487
3199, 0, 1, 196, 196, 10, 2.98%, 49, 0, 2, 33.21, 109079, 1487
3205, 0, 1, 196, 196, 10, 2.98%, 49, 0, 2, 29.55, 109234, 1487
3210, 0, 1, 196, 196, 10, 2.98%, 49, 0, 2, 37.03, 109425, 1487
3215, 0, 1, 196, 196, 10, 2.98%, 49, 0, 2, 34.88, 109596, 1487
3220, 0, 1, 197, 197, 10, 2.98%, 49, 0, 2, 35.63, 109775, 1488
3225, 0, 1, 197, 197, 10, 2.98%, 49, 0, 2, 36.90, 109952, 1488
3230, 0, 1, 200, 200, 10, 2.98%, 49, 0, 2, 38.63, 110153, 1488
3236, 0, 1, 202, 202, 10, 2.98%, 49, 0, 2, 35.74, 110339, 1488
3241, 0, 1, 203, 203, 10, 2.98%, 49, 0, 2, 29.73, 110478, 1488
3246, 0, 1, 203, 203, 10, 2.98%, 49, 0, 2, 33.55, 110664, 1488
3251, 0, 1, 203, 203, 10, 2.98%, 49, 0, 2, 30.09, 110802, 1488
3256, 0, 1, 203, 203, 10, 2.98%, 50, 0, 2, 33.79, 110970, 1488
3261, 0, 1, 203, 203, 10, 2.98%, 51, 0, 2, 32.99, 111146, 1488
3266, 0, 1, 203, 203, 10, 2.98%, 51, 0, 2, 31.68, 111309, 1488
3272, 0, 1, 203, 203, 10, 2.98%, 51, 0, 2, 33.92, 111493, 1488
3277, 0, 1, 203, 203, 10, 2.98%, 51, 0, 2, 38.30, 111698, 1488
3282, 0, 1, 203, 203, 10, 2.98%, 51, 0, 2, 37.22, 111883, 1488
3287, 0, 1, 203, 203, 10, 2.98%, 51, 0, 2, 34.80, 112060, 1488
3292, 0, 1, 203, 203, 10, 2.98%, 51, 0, 2, 40.36, 112277, 1488
3297, 0, 1, 203, 203, 10, 2.98%, 51, 0, 2, 32.07, 112434, 1488
3302, 0, 1, 204, 204, 10, 2.98%, 51, 0, 2, 35.83, 112618, 1488
3308, 0, 1, 204, 204, 10, 2.98%, 51, 0, 2, 40.16, 112818, 1488
3313, 0, 1, 204, 204, 10, 2.98%, 51, 0, 2, 36.49, 113002, 1488
3318, 0, 1, 204, 204, 10, 2.98%, 51, 0, 2, 42.23, 113235, 1488
3323, 0, 1, 204, 204, 10, 2.98%, 51, 0, 2, 32.60, 113387, 1488
3328, 0, 1, 204, 204, 10, 2.98%, 51, 0, 2, 37.52, 113585, 1488
3333, 0, 1, 204, 204, 10, 2.98%, 52, 0, 2, 36.00, 113757, 1488
3338, 0, 1, 205, 205, 10, 2.98%, 52, 0, 2, 41.52, 113978, 1488
3343, 0, 1, 205, 205, 10, 2.98%, 52, 0, 2, 40.30, 114172, 1488
3349, 0, 1, 205, 205, 10, 2.98%, 52, 0, 2, 37.86, 114371, 1488
3354, 0, 1, 205, 205, 10, 2.98%, 52, 0, 2, 35.92, 114558, 1488
3359, 0, 1, 205, 205, 10, 2.98%, 52, 0, 2, 35.40, 114740, 1488
3364, 0, 1, 205, 205, 10, 2.98%, 52, 0, 2, 32.29, 114902, 1488
3369, 0, 1, 205, 205, 10, 2.98%, 53, 0, 2, 40.04, 115117, 1488
3374, 0, 1, 205, 205, 10, 2.98%, 53, 0, 2, 31.70, 115272, 1488
3379, 0, 1, 205, 205, 10, 2.98%, 53, 0, 2, 34.00, 115446, 1488
3385, 0, 1, 206, 206, 10, 2.98%, 53, 0, 2, 29.61, 115612, 1488
3390, 0, 1, 206, 206, 10, 2.98%, 53, 0, 2, 39.13, 115823, 1488
3395, 0, 1, 206, 206, 10, 2.98%, 53, 0, 2, 35.49, 116002, 1488
3400, 0, 1, 206, 206, 10, 2.98%, 53, 0, 2, 34.36, 116182, 1488
3405, 0, 1, 207, 207, 10, 2.98%, 53, 0, 2, 31.98, 116339, 1488
3410, 0, 1, 207, 207, 10, 2.98%, 54, 0, 2, 36.26, 116544, 1488
3415, 0, 1, 207, 207, 10, 2.98%, 55, 0, 2, 35.93, 116729, 1488
3420, 0, 1, 207, 207, 10, 2.98%, 55, 0, 2, 37.12, 116916, 1488
3426, 0, 1, 207, 207, 10, 2.98%, 55, 0, 2, 33.39, 117096, 1488
3431, 0, 1, 207, 207, 10, 2.98%, 55, 0, 2, 36.43, 117278, 1488
3436, 0, 1, 207, 207, 10, 2.98%, 55, 0, 2, 29.14, 117407, 1488
3441, 0, 1, 207, 207, 10, 2.98%, 55, 0, 2, 36.45, 117608, 1488
3446, 0, 1, 207, 207, 10, 2.98%, 55, 0, 2, 32.85, 117767, 1488
3451, 0, 1, 207, 207, 10, 2.98%, 55, 0, 2, 34.61, 117935, 1488
3456, 0, 1, 207, 207, 10, 2.98%, 55, 0, 2, 38.54, 118132, 1488
3462, 0, 1, 207, 207, 10, 2.98%, 55, 0, 2, 34.25, 118297, 1488
3467, 0, 1, 208, 208, 10, 2.98%, 55, 0, 2, 33.11, 118459, 1488
3472, 0, 1, 208, 208, 10, 2.98%, 55, 0, 2, 36.15, 118646, 1488
3477, 0, 1, 208, 208, 10, 2.98%, 55, 0, 2, 36.79, 118834, 1488
3482, 0, 1, 209, 209, 10, 2.98%, 55, 0, 2, 34.88, 118999, 1488
3487, 0, 1, 209, 209, 10, 2.98%, 55, 0, 2, 32.52, 119163, 1488
3492, 0, 1, 209, 209, 10, 2.98%, 55, 0, 2, 37.41, 119338, 1488
3497, 0, 1, 209, 209, 10, 2.98%, 55, 0, 2, 34.94, 119513, 1488
3502, 0, 1, 209, 209, 10, 2.98%, 55, 0, 2, 35.31, 119672, 1488
3507, 0, 1, 209, 209, 10, 2.98%, 55, 0, 2, 29.10, 119814, 1488
3512, 0, 1, 209, 209, 10, 2.98%, 55, 0, 2, 33.78, 119996, 1488
3517, 0, 1, 209, 209, 10, 2.98%, 55, 0, 2, 29.73, 120139, 1488
3522, 0, 1, 209, 209, 10, 2.98%, 55, 0, 2, 30.72, 120293, 1488
3528, 0, 1, 209, 209, 10, 2.98%, 55, 0, 2, 37.55, 120488, 1488
3533, 0, 1, 209, 209, 10, 2.98%, 56, 0, 2, 38.72, 120674, 1488
3538, 0, 1, 209, 209, 10, 2.98%, 56, 0, 2, 33.20, 120850, 1488
3543, 0, 1, 209, 209, 10, 2.98%, 56, 0, 2, 32.12, 121018, 1488
3548, 0, 1, 209, 209, 10, 2.98%, 56, 0, 2, 33.83, 121190, 1488
3553, 0, 1, 209, 209, 10, 2.98%, 56, 0, 2, 34.67, 121357, 1488
3558, 0, 1, 209, 209, 10, 2.98%, 56, 0, 2, 33.99, 121533, 1488
3563, 0, 1, 209, 209, 10, 2.98%, 56, 0, 2, 31.25, 121687, 1488
3568, 0, 1, 211, 211, 10, 2.99%, 56, 0, 2, 37.04, 121882, 1490
3573, 0, 1, 211, 211, 10, 2.99%, 56, 0, 2, 32.16, 122030, 1490
3579, 0, 1, 212, 212, 10, 2.99%, 56, 0, 2, 38.60, 122220, 1490
3584, 0, 1, 212, 212, 10, 2.99%, 56, 0, 2, 36.52, 122411, 1490
3589, 0, 1, 212, 212, 10, 2.99%, 56, 0, 2, 31.47, 122560, 1490
3594, 0, 1, 212, 212, 10, 2.99%, 56, 0, 2, 34.38, 122748, 1490
3599, 0, 1, 212, 212, 10, 2.99%, 56, 0, 2, 38.53, 122946, 1490
3604, 0, 1, 212, 212, 10, 2.99%, 56, 0, 2, 39.52, 123146, 1490
3609, 0, 1, 213, 213, 10, 3.01%, 56, 0, 2, 34.64, 123301, 1503
3614, 0, 1, 213, 213, 10, 3.01%, 56, 0, 2, 34.45, 123490, 1503
3619, 0, 1, 213, 213, 10, 3.01%, 56, 0, 2, 37.36, 123677, 1503
3625, 0, 1, 213, 213, 10, 3.01%, 56, 0, 2, 33.68, 123858, 1503
3630, 0, 1, 213, 213, 10, 3.01%, 56, 0, 2, 37.37, 124054, 1503
3635, 0, 1, 213, 213, 10, 3.01%, 56, 0, 2, 35.53, 124239, 1503
3640, 0, 1, 213, 213, 10, 3.01%, 56, 0, 2, 34.46, 124421, 1503
3645, 0, 1, 214, 214, 10, 3.01%, 56, 0, 2, 33.97, 124597, 1503
3650, 0, 1, 214, 214, 10, 3.01%, 56, 0, 2, 38.75, 124791, 1503
3655, 0, 1, 214, 214, 10, 3.01%, 56, 0, 2, 31.98, 124951, 1503
3661, 0, 1, 214, 214, 10, 3.01%, 56, 0, 2, 31.18, 125105, 1503
3666, 0, 1, 214, 214, 10, 3.01%, 56, 0, 2, 34.01, 125284, 1503
3671, 0, 1, 214, 214, 10, 3.01%, 56, 0, 2, 30.64, 125440, 1503
3676, 0, 1, 214, 214, 10, 3.01%, 56, 0, 2, 45.33, 125630, 1503
3681, 0, 1, 214, 214, 10, 3.01%, 56, 0, 2, 33.83, 125799, 1503
3686, 0, 1, 215, 215, 10, 3.01%, 56, 0, 2, 34.37, 125965, 1503
3691, 0, 1, 215, 215, 10, 3.01%, 56, 0, 2, 31.49, 126121, 1503
3696, 0, 1, 215, 215, 10, 3.01%, 56, 0, 2, 38.91, 126321, 1503
3701, 0, 1, 215, 215, 10, 3.01%, 56, 0, 2, 36.60, 126496, 1503
3706, 0, 1, 215, 215, 10, 3.01%, 56, 0, 2, 34.10, 126670, 1503
3711, 0, 1, 215, 215, 10, 3.01%, 56, 0, 2, 33.04, 126829, 1503
3717, 0, 1, 216, 216, 10, 3.01%, 56, 0, 2, 33.23, 126995, 1503
3722, 0, 1, 216, 216, 10, 3.01%, 56, 0, 2, 40.86, 127211, 1503
3727, 0, 1, 216, 216, 10, 3.01%, 56, 0, 2, 31.07, 127362, 1503
3732, 0, 1, 216, 216, 10, 3.01%, 56, 0, 2, 39.57, 127570, 1503
3737, 0, 1, 216, 216, 10, 3.01%, 56, 0, 2, 32.67, 127717, 1503
3742, 0, 1, 216, 216, 10, 3.01%, 56, 0, 2, 35.46, 127900, 1503
3747, 0, 1, 216, 216, 10, 3.01%, 56, 0, 2, 36.93, 128090, 1503
3752, 0, 1, 216, 216, 10, 3.01%, 56, 0, 2, 33.16, 128238, 1503
3758, 0, 1, 216, 216, 10, 3.01%, 56, 0, 2, 34.15, 128418, 1503
3763, 0, 1, 216, 216, 10, 3.01%, 56, 0, 2, 40.07, 128621, 1503
3768, 0, 1, 216, 216, 10, 3.01%, 56, 0, 2, 35.00, 128792, 1503
3773, 0, 1, 216, 216, 10, 3.01%, 56, 0, 2, 36.42, 128979, 1503
3778, 0, 1, 216, 216, 10, 3.01%, 56, 0, 2, 32.86, 129137, 1503
3783, 0, 1, 216, 216, 10, 3.01%, 56, 0, 2, 34.60, 129310, 1503
3788, 0, 1, 216, 216, 10, 3.01%, 56, 0, 2, 34.99, 129488, 1503
3793, 0, 1, 216, 216, 10, 3.01%, 56, 0, 2, 30.82, 129640, 1503
3799, 0, 1, 216, 216, 10, 3.01%, 56, 0, 2, 33.58, 129820, 1503
3804, 0, 1, 216, 216, 10, 3.01%, 56, 0, 2, 33.07, 129986, 1503
3809, 0, 1, 216, 216, 10, 3.01%, 56, 0, 2, 28.94, 130135, 1503
3814, 0, 1, 216, 216, 10, 3.01%, 56, 0, 2, 30.28, 130297, 1503
3819, 0, 1, 216, 216, 10, 3.01%, 57, 0, 2, 37.03, 130487, 1503
3824, 0, 1, 216, 216, 10, 3.01%, 57, 0, 2, 38.00, 130681, 1503
3829, 0, 1, 216, 216, 10, 3.01%, 57, 0, 2, 38.43, 130867, 1503
3834, 0, 1, 216, 216, 10, 3.01%, 57, 0, 2, 37.85, 131055, 1503
3839, 0, 1, 217, 217, 10, 3.01%, 57, 0, 2, 40.99, 131257, 1503
3845, 0, 1, 217, 217, 10, 3.01%, 57, 0, 2, 43.29, 131477, 1503
3850, 0, 1, 217, 217, 10, 3.01%, 57, 0, 2, 37.22, 131662, 1503
3855, 0, 1, 217, 217, 10, 3.01%, 57, 0, 2, 37.65, 131858, 1503
3860, 0, 1, 217, 217, 10, 3.01%, 57, 0, 2, 37.34, 132059, 1503
3865, 0, 1, 217, 217, 10, 3.01%, 57, 0, 2, 38.08, 132248, 1503
3870, 0, 1, 217, 217, 10, 3.01%, 57, 0, 2, 42.80, 132476, 1503
3875, 0, 1, 217, 217, 10, 3.01%, 57, 0, 2, 43.06, 132682, 1503
3880, 0, 1, 218, 218, 10, 3.01%, 57, 0, 2, 34.73, 132849, 1503
3885, 0, 1, 218, 218, 10, 3.01%, 57, 0, 2, 41.23, 133056, 1503
3891, 0, 1, 219, 219, 10, 3.01%, 57, 0, 2, 34.17, 133224, 1503
3896, 0, 1, 219, 219, 10, 3.01%, 57, 0, 2, 37.77, 133419, 1503
3901, 0, 1, 219, 219, 10, 3.01%, 57, 0, 2, 36.90, 133611, 1503
3906, 0, 1, 220, 220, 10, 3.01%, 57, 0, 2, 35.73, 133785, 1503
3911, 0, 1, 220, 220, 10, 3.01%, 57, 0, 2, 29.79, 133937, 1503
3916, 0, 1, 220, 220, 10, 3.01%, 57, 0, 2, 37.77, 134143, 1503
3921, 0, 1, 220, 220, 10, 3.01%, 57, 0, 2, 39.20, 134343, 1503
3926, 0, 1, 220, 220, 10, 3.01%, 57, 0, 2, 38.78, 134526, 1503
3931, 0, 1, 220, 220, 10, 3.01%, 57, 0, 2, 39.86, 134726, 1503
3937, 0, 1, 221, 221, 10, 3.01%, 57, 0, 2, 38.91, 134924, 1504
3942, 0, 1, 221, 221, 10, 3.01%, 57, 0, 2, 37.10, 135111, 1504
3947, 0, 1, 221, 221, 10, 3.01%, 58, 0, 2, 35.11, 135282, 1504
3952, 0, 1, 221, 221, 10, 3.01%, 58, 0, 2, 34.03, 135452, 1504
3957, 0, 1, 221, 221, 10, 3.01%, 58, 0, 2, 35.25, 135636, 1504
3962, 0, 1, 221, 221, 10, 3.01%, 58, 0, 2, 33.09, 135786, 1504
3967, 0, 1, 221, 221, 10, 3.01%, 58, 0, 2, 38.37, 135988, 1504
3972, 0, 1, 221, 221, 10, 3.01%, 58, 0, 2, 37.22, 136184, 1504
3978, 0, 1, 221, 221, 10, 3.01%, 58, 0, 2, 33.28, 136361, 1504
3983, 0, 1, 221, 221, 10, 3.01%, 58, 0, 2, 35.73, 136551, 1504
3988, 0, 1, 221, 221, 10, 3.01%, 58, 0, 2, 38.74, 136754, 1504
3993, 0, 1, 221, 221, 10, 3.01%, 58, 0, 2, 38.87, 136942, 1504
3998, 0, 1, 221, 221, 10, 3.01%, 58, 0, 2, 35.59, 137125, 1504
4003, 0, 1, 221, 221, 10, 3.01%, 59, 0, 2, 32.74, 137294, 1504
4008, 0, 1, 221, 221, 10, 3.01%, 59, 0, 2, 36.35, 137471, 1504
4013, 0, 1, 221, 221, 10, 3.01%, 59, 0, 2, 36.83, 137650, 1504
4019, 0, 1, 221, 221, 10, 3.01%, 59, 0, 2, 34.47, 137829, 1504
4024, 0, 1, 221, 221, 10, 3.01%, 59, 0, 2, 37.98, 138020, 1504
4029, 0, 1, 221, 221, 10, 3.01%, 59, 0, 2, 39.34, 138224, 1504
4034, 0, 1, 221, 221, 10, 3.01%, 59, 0, 2, 31.26, 138385, 1504
4039, 0, 1, 221, 221, 10, 3.01%, 59, 0, 2, 35.48, 138561, 1504
4044, 0, 1, 221, 221, 10, 3.01%, 59, 0, 2, 31.09, 138716, 1504
4049, 0, 1, 222, 222, 10, 3.01%, 59, 0, 2, 36.20, 138917, 1504
4055, 0, 1, 222, 222, 10, 3.01%, 59, 0, 2, 38.09, 139112, 1504
4060, 0, 1, 223, 223, 10, 3.01%, 59, 0, 2, 27.47, 139302, 1504
4065, 0, 1, 223, 223, 10, 3.01%, 59, 0, 2, 29.91, 139448, 1504
4070, 0, 1, 223, 223, 10, 3.01%, 59, 0, 2, 34.05, 139629, 1504
4075, 0, 1, 223, 223, 10, 3.01%, 59, 0, 2, 33.03, 139791, 1504
4080, 0, 1, 223, 223, 10, 3.01%, 59, 0, 2, 37.62, 139976, 1504
4085, 0, 1, 223, 223, 10, 3.01%, 59, 0, 2, 34.76, 140158, 1504
4090, 0, 1, 223, 223, 10, 3.01%, 59, 0, 2, 34.04, 140343, 1504
4095, 0, 1, 223, 223, 10, 3.01%, 59, 0, 2, 39.50, 140549, 1504
4101, 0, 1, 223, 223, 10, 3.01%, 59, 0, 2, 37.07, 140734, 1504
4106, 0, 1, 223, 223, 10, 3.01%, 59, 0, 2, 35.85, 140914, 1504
4111, 0, 1, 223, 223, 10, 3.01%, 59, 0, 2, 38.46, 141113, 1504
4116, 0, 1, 223, 223, 10, 3.01%, 59, 0, 2, 38.16, 141299, 1504
4121, 0, 1, 223, 223, 10, 3.01%, 59, 0, 2, 36.30, 141468, 1504
4126, 0, 1, 223, 223, 10, 3.01%, 59, 0, 2, 37.00, 141655, 1504
4131, 0, 1, 223, 223, 10, 3.01%, 59, 0, 2, 34.27, 141824, 1504
4136, 0, 1, 223, 223, 10, 3.01%, 59, 0, 2, 42.07, 142049, 1504
4141, 0, 1, 223, 223, 10, 3.01%, 59, 0, 2, 37.99, 142242, 1504
4146, 0, 1, 223, 223, 10, 3.01%, 59, 0, 2, 40.88, 142443, 1504
4152, 0, 1, 223, 223, 10, 3.01%, 59, 0, 2, 37.93, 142646, 1504
4157, 0, 1, 223, 223, 10, 3.01%, 59, 0, 2, 39.48, 142844, 1504
4162, 0, 1, 223, 223, 10, 3.01%, 59, 0, 2, 38.22, 143035, 1504
4167, 0, 1, 223, 223, 10, 3.01%, 59, 0, 2, 33.08, 143203, 1504
4172, 0, 1, 223, 223, 10, 3.01%, 59, 0, 2, 34.62, 143370, 1504
4177, 0, 1, 224, 224, 10, 3.01%, 59, 0, 2, 38.47, 143565, 1504
4182, 0, 1, 224, 224, 10, 3.01%, 59, 0, 2, 39.39, 143769, 1504
4187, 0, 1, 224, 224, 10, 3.01%, 59, 0, 2, 39.51, 143974, 1504
4192, 0, 1, 224, 224, 10, 3.01%, 59, 0, 2, 36.84, 144142, 1504
4197, 0, 1, 224, 224, 10, 3.01%, 59, 0, 2, 36.44, 144342, 1504
4203, 0, 1, 225, 225, 10, 3.01%, 59, 0, 2, 38.37, 144532, 1504
4208, 0, 1, 225, 225, 10, 3.01%, 59, 0, 2, 35.23, 144703, 1504
4213, 0, 1, 225, 225, 10, 3.01%, 59, 0, 2, 35.33, 144886, 1504
4218, 0, 1, 225, 225, 10, 3.01%, 59, 0, 2, 32.98, 145048, 1504
4223, 0, 1, 225, 225, 10, 3.01%, 59, 0, 2, 39.38, 145247, 1504
4228, 0, 1, 225, 225, 10, 3.01%, 59, 0, 2, 38.94, 145431, 1504
4233, 0, 1, 225, 225, 10, 3.01%, 59, 0, 2, 37.68, 145634, 1504
4238, 0, 1, 225, 225, 10, 3.01%, 59, 0, 2, 35.03, 145802, 1504
4243, 0, 1, 225, 225, 10, 3.01%, 59, 0, 2, 38.98, 145989, 1504
4248, 0, 1, 225, 225, 10, 3.01%, 59, 0, 2, 34.71, 146156, 1504
4254, 0, 1, 225, 225, 10, 3.01%, 59, 0, 2, 35.37, 146333, 1504
4259, 0, 1, 225, 225, 10, 3.01%, 59, 0, 2, 34.00, 146504, 1504
4264, 0, 1, 225, 225, 10, 3.01%, 59, 0, 2, 32.89, 146665, 1504
4269, 0, 1, 225, 225, 10, 3.01%, 59, 0, 2, 35.71, 146851, 1504
4274, 0, 1, 225, 225, 10, 3.01%, 59, 0, 2, 39.48, 147046, 1504
4279, 0, 1, 225, 225, 10, 3.01%, 59, 0, 2, 41.66, 147255, 1504
4284, 0, 1, 225, 225, 10, 3.01%, 59, 0, 2, 44.75, 147487, 1504
4289, 0, 1, 225, 225, 10, 3.01%, 59, 0, 2, 41.78, 147692, 1504
4294, 0, 1, 226, 226, 10, 3.01%, 59, 0, 2, 37.20, 147866, 1504
4299, 0, 1, 226, 226, 10, 3.01%, 59, 0, 2, 36.69, 148055, 1504
4305, 0, 1, 226, 226, 10, 3.01%, 59, 0, 2, 37.06, 148247, 1504
4310, 0, 1, 226, 226, 10, 3.01%, 59, 0, 2, 37.33, 148435, 1504
4315, 0, 1, 226, 226, 10, 3.01%, 59, 0, 2, 36.14, 148621, 1504
4320, 0, 1, 226, 226, 10, 3.01%, 59, 0, 2, 40.75, 148833, 1504
4325, 0, 1, 226, 226, 10, 3.01%, 59, 0, 2, 34.47, 148990, 1504
4330, 0, 1, 226, 226, 10, 3.01%, 59, 0, 2, 35.76, 149175, 1504
4335, 0, 1, 226, 226, 10, 3.01%, 59, 0, 2, 33.40, 149350, 1504
4340, 0, 1, 226, 226, 10, 3.01%, 59, 0, 2, 32.95, 149524, 1504
4345, 0, 1, 226, 226, 10, 3.01%, 59, 0, 2, 39.54, 149718, 1504
4350, 0, 1, 226, 226, 10, 3.01%, 59, 0, 2, 41.40, 149931, 1504
4356, 0, 1, 226, 226, 10, 3.01%, 59, 0, 2, 37.86, 150138, 1504
4361, 0, 1, 226, 226, 10, 3.01%, 59, 0, 2, 36.90, 150317, 1504
4366, 0, 1, 226, 226, 10, 3.01%, 59, 0, 2, 41.43, 150541, 1504
4371, 0, 1, 226, 226, 10, 3.01%, 59, 0, 2, 38.11, 150737, 1504
4376, 0, 1, 226, 226, 10, 3.01%, 59, 0, 2, 43.67, 150965, 1504
4381, 0, 1, 226, 226, 10, 3.01%, 59, 0, 2, 37.55, 151145, 1504
4386, 0, 1, 226, 226, 10, 3.01%, 59, 0, 2, 39.83, 151337, 1504
4392, 0, 1, 226, 226, 10, 3.01%, 59, 0, 2, 39.01, 151535, 1504
4397, 0, 1, 226, 226, 10, 3.01%, 59, 0, 2, 40.52, 151748, 1504
4402, 0, 1, 226, 226, 10, 3.01%, 59, 0, 2, 38.48, 151949, 1504
4407, 0, 1, 226, 226, 10, 3.01%, 59, 0, 2, 37.37, 152139, 1504
4412, 0, 1, 226, 226, 10, 3.01%, 59, 0, 2, 33.92, 152325, 1504
4417, 0, 1, 226, 226, 10, 3.01%, 59, 0, 2, 34.42, 152502, 1504
4422, 0, 1, 226, 226, 10, 3.01%, 59, 0, 2, 39.04, 152709, 1504
4428, 0, 1, 226, 226, 10, 3.01%, 59, 0, 2, 36.95, 152899, 1504
4433, 0, 1, 226, 226, 10, 3.01%, 59, 0, 2, 36.49, 153086, 1504
4438, 0, 1, 228, 228, 10, 3.02%, 59, 0, 2, 37.06, 153279, 1505
4443, 0, 1, 228, 228, 10, 3.02%, 59, 0, 2, 39.21, 153468, 1505
4448, 0, 1, 228, 228, 10, 3.02%, 59, 0, 2, 38.37, 153663, 1505
4453, 0, 1, 228, 228, 10, 3.02%, 59, 0, 2, 37.82, 153847, 1505
4458, 0, 1, 228, 228, 10, 3.02%, 59, 0, 2, 38.66, 154044, 1505
4463, 0, 1, 228, 228, 10, 3.02%, 59, 0, 2, 37.49, 154236, 1505
4469, 0, 1, 228, 228, 10, 3.02%, 59, 0, 2, 38.35, 154437, 1505
4474, 0, 1, 228, 228, 10, 3.02%, 59, 0, 2, 33.03, 154585, 1505
4479, 0, 1, 228, 228, 10, 3.02%, 59, 0, 2, 39.59, 154803, 1505
4484, 0, 1, 228, 228, 10, 3.02%, 59, 0, 2, 37.36, 154992, 1505
4489, 0, 1, 228, 228, 10, 3.02%, 60, 0, 2, 41.35, 155200, 1505
4494, 0, 1, 229, 229, 10, 3.02%, 60, 0, 2, 37.45, 155376, 1505
4499, 0, 1, 230, 230, 10, 3.02%, 60, 0, 2, 37.01, 155540, 1505
4504, 0, 1, 230, 230, 10, 3.02%, 60, 0, 2, 44.14, 155777, 1505
4509, 0, 1, 230, 230, 10, 3.02%, 60, 0, 2, 37.02, 155965, 1505
4515, 0, 1, 230, 230, 10, 3.02%, 60, 0, 2, 36.89, 156155, 1505
4520, 0, 1, 230, 230, 10, 3.02%, 60, 0, 2, 38.45, 156366, 1505
4525, 0, 1, 230, 230, 10, 3.02%, 60, 0, 2, 38.55, 156559, 1505
4530, 0, 1, 230, 230, 10, 3.02%, 60, 0, 2, 39.80, 156772, 1505
4535, 0, 1, 230, 230, 10, 3.02%, 60, 0, 2, 33.93, 156936, 1505
4540, 0, 1, 230, 230, 10, 3.02%, 61, 0, 2, 35.34, 157113, 1505
4545, 0, 1, 230, 230, 10, 3.02%, 61, 0, 2, 38.37, 157318, 1505
4550, 0, 1, 230, 230, 10, 3.02%, 61, 0, 2, 38.69, 157500, 1505
4555, 0, 1, 230, 230, 10, 3.02%, 61, 0, 2, 36.85, 157674, 1505
4561, 0, 1, 230, 230, 10, 3.02%, 61, 0, 2, 38.79, 157870, 1505
4566, 0, 1, 230, 230, 10, 3.02%, 61, 0, 2, 44.39, 158062, 1505
4571, 0, 1, 230, 230, 10, 3.02%, 61, 0, 2, 36.66, 158240, 1505
4576, 0, 1, 230, 230, 10, 3.02%, 61, 0, 2, 37.50, 158451, 1505
4581, 0, 1, 230, 230, 10, 3.02%, 61, 0, 2, 35.31, 158617, 1505
4586, 0, 1, 230, 230, 10, 3.02%, 61, 0, 2, 38.48, 158813, 1505
4591, 0, 1, 231, 231, 10, 3.02%, 61, 0, 2, 36.20, 158994, 1505
4596, 0, 1, 231, 231, 10, 3.02%, 61, 0, 2, 37.24, 159196, 1505
4602, 0, 1, 231, 231, 10, 3.02%, 61, 0, 2, 36.61, 159380, 1505
4607, 0, 1, 231, 231, 10, 3.02%, 61, 0, 2, 31.71, 159529, 1505
4612, 0, 1, 231, 231, 10, 3.02%, 61, 0, 2, 36.75, 159718, 1505
4617, 0, 1, 232, 232, 10, 3.02%, 61, 0, 2, 33.42, 159884, 1505
4622, 0, 1, 232, 232, 10, 3.02%, 61, 0, 2, 40.45, 160109, 1505
4627, 0, 1, 232, 232, 10, 3.02%, 61, 0, 2, 40.09, 160305, 1505
4632, 0, 1, 232, 232, 10, 3.02%, 61, 0, 2, 43.69, 160533, 1505
4637, 0, 1, 232, 232, 10, 3.02%, 61, 0, 2, 41.33, 160734, 1505
4642, 0, 1, 233, 233, 10, 3.02%, 61, 0, 2, 33.12, 160878, 1505
4647, 0, 1, 233, 233, 10, 3.02%, 61, 0, 2, 41.65, 161098, 1505
4652, 0, 1, 233, 233, 10, 3.02%, 61, 0, 2, 25.50, 161275, 1505
4657, 0, 1, 234, 234, 10, 3.02%, 61, 0, 2, 36.26, 161473, 1506
4663, 0, 1, 234, 234, 10, 3.02%, 61, 0, 2, 35.30, 161643, 1506
4668, 0, 1, 234, 234, 10, 3.02%, 61, 0, 2, 35.63, 161825, 1506
4673, 0, 1, 234, 234, 10, 3.02%, 61, 0, 2, 34.55, 161998, 1506
4678, 0, 1, 234, 234, 10, 3.02%, 61, 0, 2, 36.74, 162192, 1506
4683, 0, 1, 234, 234, 10, 3.02%, 61, 0, 2, 33.08, 162364, 1506
4688, 0, 1, 234, 234, 10, 3.02%, 61, 0, 2, 35.50, 162553, 1506
4693, 0, 1, 234, 234, 10, 3.02%, 61, 0, 2, 35.54, 162736, 1506
4698, 0, 1, 234, 234, 10, 3.02%, 61, 0, 2, 35.49, 162911, 1506
4704, 0, 1, 234, 234, 10, 3.02%, 61, 0, 2, 36.70, 163098, 1506
4709, 0, 1, 234, 234, 10, 3.02%, 61, 0, 2, 36.45, 163295, 1506
4714, 0, 1, 234, 234, 10, 3.02%, 61, 0, 2, 36.76, 163477, 1506
4719, 0, 1, 234, 234, 10, 3.02%, 61, 0, 2, 37.38, 163668, 1506
4724, 0, 1, 234, 234, 10, 3.02%, 61, 0, 2, 36.25, 163859, 1506
4729, 0, 1, 234, 234, 10, 3.02%, 61, 0, 2, 36.45, 164040, 1506
4734, 0, 1, 234, 234, 10, 3.02%, 61, 0, 2, 33.95, 164196, 1506
4739, 0, 1, 234, 234, 10, 3.02%, 61, 0, 2, 35.00, 164381, 1506
4745, 0, 1, 234, 234, 10, 3.02%, 61, 0, 2, 36.72, 164554, 1506
4750, 0, 1, 234, 234, 10, 3.02%, 61, 0, 2, 36.55, 164744, 1506
4755, 0, 1, 234, 234, 10, 3.02%, 61, 0, 2, 40.53, 164952, 1506
4760, 0, 1, 234, 234, 10, 3.02%, 61, 0, 2, 35.13, 165119, 1506
4765, 0, 1, 234, 234, 10, 3.02%, 61, 0, 2, 32.83, 165290, 1506
4770, 0, 1, 234, 234, 10, 3.02%, 61, 0, 2, 37.58, 165481, 1506
4775, 0, 1, 234, 234, 10, 3.02%, 61, 0, 2, 36.70, 165649, 1506
4780, 0, 1, 234, 234, 10, 3.02%, 61, 0, 2, 39.39, 165849, 1506
4786, 0, 1, 234, 234, 10, 3.02%, 61, 0, 2, 38.79, 166042, 1506
4791, 0, 1, 234, 234, 10, 3.02%, 61, 0, 2, 33.96, 166212, 1506
4796, 0, 1, 234, 234, 10, 3.02%, 61, 0, 2, 36.35, 166386, 1506
4801, 0, 1, 234, 234, 10, 3.02%, 61, 0, 2, 39.26, 166571, 1506
4806, 0, 1, 234, 234, 10, 3.02%, 61, 0, 2, 35.94, 166747, 1506
4811, 0, 1, 234, 234, 10, 3.02%, 61, 0, 2, 34.41, 166918, 1506
4816, 0, 1, 234, 234, 10, 3.02%, 61, 0, 2, 38.45, 167123, 1506
4821, 0, 1, 234, 234, 10, 3.02%, 61, 0, 2, 36.75, 167297, 1506
4826, 0, 1, 234, 234, 10, 3.02%, 61, 0, 2, 38.24, 167494, 1506
4831, 0, 1, 234, 234, 10, 3.02%, 61, 0, 2, 29.45, 167627, 1506
4837, 0, 1, 234, 234, 10, 3.02%, 61, 0, 2, 35.32, 167808, 1506
4842, 0, 1, 234, 234, 10, 3.02%, 61, 0, 2, 32.70, 167967, 1506
4847, 0, 1, 234, 234, 10, 3.02%, 61, 0, 2, 37.15, 168151, 1506
4852, 0, 1, 234, 234, 10, 3.02%, 61, 0, 2, 37.63, 168336, 1506
4857, 0, 1, 234, 234, 10, 3.02%, 61, 0, 2, 32.40, 168495, 1506
4862, 0, 1, 234, 234, 10, 3.02%, 61, 0, 2, 34.09, 168673, 1506
4867, 0, 1, 234, 234, 10, 3.02%, 61, 0, 2, 34.79, 168845, 1506
4872, 0, 1, 234, 234, 10, 3.02%, 61, 0, 2, 31.75, 169013, 1506
4877, 0, 1, 234, 234, 10, 3.02%, 61, 0, 2, 36.70, 169196, 1506
4882, 0, 1, 234, 234, 10, 3.02%, 61, 0, 2, 38.84, 169405, 1506
4887, 0, 1, 234, 234, 10, 3.02%, 61, 0, 2, 36.17, 169587, 1506
4893, 0, 1, 234, 234, 10, 3.02%, 61, 0, 2, 35.56, 169761, 1506
4898, 0, 1, 234, 234, 10, 3.02%, 61, 0, 2, 36.24, 169948, 1506
4903, 0, 1, 235, 235, 10, 3.02%, 61, 0, 2, 38.25, 170137, 1506
4909, 0, 1, 236, 236, 10, 3.02%, 61, 0, 2, 38.94, 170351, 1508
4914, 0, 1, 236, 236, 10, 3.02%, 61, 0, 2, 39.49, 170557, 1508
4919, 0, 1, 236, 236, 10, 3.02%, 61, 0, 2, 32.77, 170718, 1508
4924, 0, 1, 236, 236, 10, 3.02%, 61, 0, 2, 35.42, 170906, 1508
4929, 0, 1, 236, 236, 10, 3.02%, 61, 0, 2, 35.91, 171086, 1508
4934, 0, 1, 236, 236, 10, 3.02%, 61, 0, 2, 31.79, 171243, 1508
4939, 0, 1, 236, 236, 10, 3.02%, 62, 0, 2, 32.77, 171418, 1508
4944, 0, 1, 236, 236, 10, 3.02%, 62, 0, 2, 33.85, 171589, 1508
4949, 0, 1, 236, 236, 10, 3.02%, 62, 0, 2, 36.97, 171780, 1508
4955, 0, 1, 236, 236, 10, 3.02%, 62, 0, 2, 37.07, 171973, 1508
4960, 0, 1, 236, 236, 10, 3.02%, 62, 0, 2, 40.49, 172173, 1508
4965, 0, 1, 236, 236, 10, 3.02%, 62, 0, 2, 38.40, 172368, 1508
4970, 0, 1, 236, 236, 10, 3.02%, 62, 0, 2, 35.61, 172546, 1508
4975, 0, 1, 236, 236, 10, 3.02%, 62, 0, 2, 32.22, 172713, 1508
4980, 0, 1, 236, 236, 10, 3.02%, 62, 0, 2, 37.56, 172913, 1508
4985, 0, 1, 236, 236, 10, 3.02%, 62, 0, 2, 38.08, 173105, 1508
4990, 0, 1, 236, 236, 10, 3.02%, 62, 0, 2, 35.71, 173282, 1508
4996, 0, 1, 236, 236, 10, 3.02%, 62, 0, 2, 37.62, 173489, 1508
5001, 0, 1, 236, 236, 10, 3.02%, 62, 0, 2, 38.83, 173683, 1508
5006, 0, 1, 236, 236, 10, 3.02%, 62, 0, 2, 37.78, 173880, 1508
5011, 0, 1, 237, 237, 10, 3.02%, 62, 0, 2, 37.39, 174057, 1508
5016, 0, 1, 237, 237, 10, 3.02%, 62, 0, 2, 39.09, 174240, 1508
5021, 0, 1, 237, 237, 10, 3.02%, 62, 0, 2, 37.91, 174415, 1508
5026, 0, 1, 237, 237, 10, 3.02%, 62, 0, 2, 33.24, 174586, 1508
5031, 0, 1, 237, 237, 10, 3.02%, 62, 0, 2, 34.65, 174750, 1508
5037, 0, 1, 237, 237, 10, 3.02%, 62, 0, 2, 32.09, 174911, 1508
5042, 0, 1, 237, 237, 10, 3.02%, 62, 0, 2, 40.35, 175121, 1508
5047, 0, 1, 237, 237, 10, 3.02%, 62, 0, 2, 34.48, 175302, 1508
5052, 0, 1, 237, 237, 10, 3.02%, 62, 0, 2, 33.12, 175462, 1508
5057, 0, 1, 237, 237, 10, 3.02%, 62, 0, 2, 34.03, 175631, 1508
5062, 0, 1, 237, 237, 10, 3.02%, 62, 0, 2, 29.96, 175784, 1508
5067, 0, 1, 237, 237, 10, 3.02%, 62, 0, 2, 34.52, 175967, 1508
5072, 0, 1, 237, 237, 10, 3.02%, 62, 0, 2, 38.25, 176163, 1508
5077, 0, 1, 237, 237, 10, 3.02%, 62, 0, 2, 39.05, 176366, 1508
5082, 0, 1, 237, 237, 10, 3.02%, 62, 0, 2, 36.75, 176537, 1508
5087, 0, 1, 237, 237, 10, 3.02%, 62, 0, 2, 33.79, 176687, 1508
5093, 0, 1, 237, 237, 10, 3.02%, 62, 0, 2, 32.81, 176856, 1508
5098, 0, 1, 237, 237, 10, 3.02%, 62, 0, 2, 33.58, 177023, 1508
5103, 0, 1, 237, 237, 10, 3.02%, 63, 0, 2, 32.12, 177186, 1508
5108, 0, 1, 238, 238, 10, 3.02%, 63, 0, 2, 36.00, 177371, 1508
5113, 0, 1, 238, 238, 10, 3.02%, 63, 0, 2, 34.24, 177541, 1508
5118, 0, 1, 239, 239, 10, 3.02%, 63, 0, 2, 36.50, 177723, 1509
5123, 0, 1, 239, 239, 10, 3.02%, 63, 0, 2, 41.01, 177925, 1509
5128, 0, 1, 239, 239, 10, 3.02%, 63, 0, 2, 41.70, 178142, 1509
5133, 0, 1, 239, 239, 10, 3.02%, 63, 0, 2, 33.72, 178304, 1509
5138, 0, 1, 239, 239, 10, 3.02%, 63, 0, 2, 32.43, 178464, 1509
5143, 0, 1, 239, 239, 10, 3.02%, 63, 0, 2, 34.55, 178640, 1509
5148, 0, 1, 239, 239, 10, 3.02%, 63, 0, 2, 39.15, 178827, 1509
5154, 0, 1, 239, 239, 10, 3.02%, 64, 0, 2, 36.36, 179009, 1509
5159, 0, 1, 239, 239, 10, 3.02%, 64, 0, 2, 37.12, 179204, 1509
5164, 0, 1, 239, 239, 10, 3.02%, 64, 0, 2, 33.87, 179367, 1509
5169, 0, 1, 239, 239, 10, 3.02%, 64, 0, 2, 33.02, 179539, 1509
5174, 0, 1, 239, 239, 10, 3.02%, 64, 0, 2, 33.62, 179714, 1509
5179, 0, 1, 239, 239, 10, 3.02%, 64, 0, 2, 37.14, 179901, 1509
5184, 0, 1, 239, 239, 10, 3.02%, 64, 0, 2, 37.71, 180088, 1509
5189, 0, 1, 239, 239, 10, 3.02%, 64, 0, 2, 36.24, 180266, 1509
5194, 0, 1, 239, 239, 10, 3.02%, 64, 0, 2, 35.63, 180453, 1509
5199, 0, 1, 239, 239, 10, 3.02%, 64, 0, 2, 35.39, 180645, 1509
5205, 0, 1, 239, 239, 10, 3.02%, 64, 0, 2, 34.40, 180815, 1509
5210, 0, 1, 239, 239, 10, 3.02%, 64, 0, 2, 35.58, 180987, 1509
5215, 0, 1, 239, 239, 10, 3.02%, 64, 0, 2, 39.53, 181180, 1509
5220, 0, 1, 239, 239, 10, 3.02%, 64, 0, 2, 39.31, 181385, 1509
5225, 0, 1, 239, 239, 10, 3.02%, 64, 0, 2, 33.39, 181543, 1509
5231, 0, 1, 240, 240, 10, 3.02%, 64, 0, 2, 34.96, 181744, 1509
5236, 0, 1, 240, 240, 10, 3.02%, 64, 0, 2, 34.89, 181915, 1509
5241, 0, 1, 240, 240, 10, 3.02%, 64, 0, 2, 33.50, 182081, 1509
5246, 0, 1, 240, 240, 10, 3.02%, 64, 0, 2, 35.69, 182269, 1509
5251, 0, 1, 240, 240, 10, 3.02%, 64, 0, 2, 38.86, 182462, 1509
5256, 0, 1, 240, 240, 10, 3.02%, 64, 0, 2, 40.27, 182667, 1509
5261, 0, 1, 240, 240, 10, 3.02%, 64, 0, 2, 32.32, 182822, 1509
5266, 0, 1, 240, 240, 10, 3.02%, 64, 0, 2, 32.94, 182984, 1509
5271, 0, 1, 240, 240, 10, 3.02%, 64, 0, 2, 34.06, 183146, 1509
5277, 0, 1, 240, 240, 10, 3.02%, 64, 0, 2, 38.98, 183348, 1509
5282, 0, 1, 240, 240, 10, 3.02%, 64, 0, 2, 33.88, 183513, 1509
5287, 0, 1, 240, 240, 10, 3.02%, 64, 0, 2, 37.10, 183704, 1509
5292, 0, 1, 240, 240, 10, 3.02%, 64, 0, 2, 37.25, 183892, 1509
5297, 0, 1, 240, 240, 10, 3.02%, 64, 0, 2, 38.82, 184092, 1509
5302, 0, 1, 240, 240, 10, 3.02%, 64, 0, 2, 36.31, 184269, 1509
5307, 0, 1, 240, 240, 10, 3.02%, 64, 0, 2, 39.97, 184466, 1509
5312, 0, 1, 240, 240, 10, 3.02%, 64, 0, 2, 37.32, 184648, 1509
5318, 0, 1, 240, 240, 10, 3.02%, 64, 0, 2, 36.30, 184823, 1509
5323, 0, 1, 241, 241, 10, 3.02%, 64, 0, 2, 38.73, 185028, 1509
5328, 0, 1, 241, 241, 10, 3.02%, 64, 0, 2, 42.69, 185245, 1509
5333, 0, 1, 241, 241, 10, 3.02%, 64, 0, 2, 38.90, 185440, 1509
5338, 0, 1, 241, 241, 10, 3.02%, 64, 0, 2, 38.40, 185621, 1509
5343, 0, 1, 241, 241, 10, 3.02%, 64, 0, 2, 38.66, 185809, 1509
5348, 0, 1, 241, 241, 10, 3.02%, 64, 0, 2, 34.79, 185988, 1509
5353, 0, 1, 241, 241, 10, 3.02%, 64, 0, 2, 35.63, 186162, 1509
5358, 0, 1, 241, 241, 10, 3.02%, 64, 0, 2, 33.20, 186331, 1509
5363, 0, 1, 241, 241, 10, 3.02%, 64, 0, 2, 44.42, 186479, 1509
5368, 0, 1, 241, 241, 10, 3.02%, 64, 0, 2, 32.88, 186631, 1509
5373, 0, 1, 241, 241, 10, 3.02%, 64, 0, 2, 28.35, 186762, 1509
5379, 0, 1, 241, 241, 10, 3.02%, 64, 0, 2, 33.58, 186919, 1509
5384, 0, 1, 241, 241, 10, 3.02%, 64, 0, 2, 31.76, 187069, 1509
5389, 0, 1, 241, 241, 10, 3.02%, 64, 0, 2, 31.31, 187227, 1509
5394, 0, 1, 241, 241, 10, 3.02%, 64, 0, 2, 32.40, 187411, 1509
5399, 0, 1, 241, 241, 10, 3.02%, 64, 0, 2, 33.82, 187581, 1509
5404, 0, 1, 241, 241, 10, 3.02%, 64, 0, 2, 32.77, 187744, 1509
5409, 0, 1, 241, 241, 10, 3.02%, 64, 0, 2, 32.09, 187909, 1509
5414, 0, 1, 241, 241, 10, 3.02%, 64, 0, 2, 34.26, 188078, 1509
5419, 0, 1, 241, 241, 10, 3.02%, 64, 0, 2, 33.59, 188243, 1509
5424, 0, 1, 241, 241, 10, 3.02%, 64, 0, 2, 33.30, 188410, 1509
5429, 0, 1, 241, 241, 10, 3.02%, 64, 0, 2, 31.71, 188557, 1509
5434, 0, 1, 241, 241, 10, 3.02%, 64, 0, 2, 29.74, 188716, 1509
5440, 0, 1, 241, 241, 10, 3.02%, 64, 0, 2, 31.68, 188860, 1509
5445, 0, 1, 241, 241, 10, 3.02%, 64, 0, 2, 32.46, 189018, 1509
5450, 0, 1, 241, 241, 10, 3.02%, 64, 0, 2, 29.94, 189166, 1509
5455, 0, 1, 242, 242, 10, 3.03%, 64, 0, 2, 38.00, 189353, 1511
5460, 0, 1, 242, 242, 10, 3.03%, 64, 0, 2, 33.44, 189516, 1511
5465, 0, 1, 242, 242, 10, 3.03%, 64, 0, 2, 34.48, 189677, 1511
5470, 0, 1, 242, 242, 10, 3.03%, 64, 0, 2, 33.28, 189849, 1511
5475, 0, 1, 242, 242, 10, 3.03%, 64, 0, 2, 32.83, 190010, 1511
5480, 0, 1, 242, 242, 10, 3.03%, 64, 0, 2, 35.07, 190194, 1511
5485, 0, 1, 242, 242, 10, 3.03%, 64, 0, 2, 27.60, 190318, 1511
5490, 0, 1, 242, 242, 10, 3.03%, 64, 0, 2, 36.77, 190505, 1511
5496, 0, 1, 242, 242, 10, 3.03%, 64, 0, 2, 32.04, 190665, 1511
5501, 0, 1, 242, 242, 10, 3.03%, 64, 0, 2, 32.70, 190840, 1511
5506, 0, 1, 242, 242, 10, 3.03%, 64, 0, 2, 38.14, 191044, 1511
5511, 0, 1, 242, 242, 10, 3.03%, 64, 0, 2, 37.21, 191229, 1511
5516, 0, 1, 242, 242, 10, 3.03%, 64, 0, 2, 37.76, 191413, 1511
5521, 0, 1, 242, 242, 10, 3.03%, 64, 0, 2, 32.34, 191578, 1511
5526, 0, 1, 242, 242, 10, 3.03%, 64, 0, 2, 36.23, 191771, 1511
5531, 0, 1, 242, 242, 10, 3.03%, 64, 0, 2, 37.23, 191957, 1511
5537, 0, 1, 242, 242, 10, 3.03%, 64, 0, 2, 36.59, 192136, 1511
5542, 0, 1, 242, 242, 10, 3.03%, 64, 0, 2, 36.18, 192311, 1511
5547, 0, 1, 242, 242, 10, 3.03%, 64, 0, 2, 30.85, 192480, 1511
5552, 0, 1, 242, 242, 10, 3.03%, 64, 0, 2, 35.74, 192670, 1511
5557, 0, 1, 242, 242, 10, 3.03%, 64, 0, 2, 32.87, 192843, 1511
5562, 0, 1, 242, 242, 10, 3.03%, 64, 0, 2, 36.23, 193016, 1511
5567, 0, 1, 242, 242, 10, 3.03%, 64, 0, 2, 36.49, 193200, 1511
5572, 0, 1, 242, 242, 10, 3.03%, 64, 0, 2, 32.64, 193360, 1511
5578, 0, 1, 242, 242, 10, 3.03%, 64, 0, 2, 34.59, 193535, 1511
5583, 0, 1, 242, 242, 10, 3.03%, 64, 0, 2, 32.49, 193685, 1511
5588, 0, 1, 242, 242, 10, 3.03%, 64, 0, 2, 30.51, 193846, 1511
5593, 0, 1, 242, 242, 10, 3.03%, 64, 0, 2, 32.28, 194016, 1511
5598, 0, 1, 242, 242, 10, 3.03%, 64, 0, 2, 32.00, 194178, 1511
5603, 0, 1, 242, 242, 10, 3.03%, 64, 0, 2, 33.26, 194337, 1511
5608, 0, 1, 243, 243, 10, 3.03%, 64, 0, 2, 28.85, 194474, 1511
5613, 0, 1, 243, 243, 10, 3.03%, 64, 0, 2, 33.99, 194624, 1511
5618, 0, 1, 243, 243, 10, 3.03%, 64, 0, 2, 29.92, 194766, 1511
5623, 0, 1, 243, 243, 10, 3.03%, 64, 0, 2, 33.39, 194934, 1511
5628, 0, 1, 243, 243, 10, 3.03%, 64, 0, 2, 36.61, 195116, 1511
5633, 0, 1, 243, 243, 10, 3.03%, 64, 0, 2, 38.96, 195314, 1511
5639, 0, 1, 243, 243, 10, 3.03%, 64, 0, 2, 35.71, 195487, 1511
5644, 0, 1, 243, 243, 10, 3.03%, 64, 0, 2, 33.26, 195652, 1511
5649, 0, 1, 243, 243, 10, 3.03%, 64, 0, 2, 31.80, 195813, 1511
5654, 0, 1, 243, 243, 10, 3.03%, 64, 0, 2, 35.30, 195990, 1511
5659, 0, 1, 243, 243, 10, 3.03%, 64, 0, 2, 34.58, 196160, 1511
5664, 0, 1, 243, 243, 10, 3.03%, 64, 0, 2, 38.53, 196352, 1511
5669, 0, 1, 243, 243, 10, 3.03%, 65, 0, 2, 36.76, 196531, 1511
5675, 0, 1, 243, 243, 10, 3.03%, 65, 0, 2, 31.70, 196686, 1511
5680, 0, 1, 243, 243, 10, 3.03%, 65, 0, 2, 29.23, 196836, 1511
5685, 0, 1, 243, 243, 10, 3.03%, 65, 0, 2, 30.48, 196988, 1511
5690, 0, 1, 243, 243, 10, 3.03%, 65, 0, 2, 30.30, 197145, 1511
5695, 0, 1, 243, 243, 10, 3.03%, 65, 0, 2, 31.34, 197311, 1511
5701, 0, 1, 243, 243, 10, 3.03%, 65, 0, 2, 33.99, 197492, 1511
5706, 0, 1, 243, 243, 10, 3.03%, 65, 0, 2, 32.30, 197654, 1511
5711, 0, 1, 243, 243, 10, 3.03%, 65, 0, 2, 33.57, 197841, 1511
5716, 0, 1, 243, 243, 10, 3.03%, 65, 0, 2, 38.05, 198033, 1511
5721, 0, 1, 243, 243, 10, 3.03%, 65, 0, 2, 39.61, 198229, 1511
5726, 0, 1, 243, 243, 10, 3.03%, 65, 0, 2, 35.12, 198399, 1511
5731, 0, 1, 243, 243, 10, 3.03%, 65, 0, 2, 34.70, 198572, 1511
5736, 0, 1, 243, 243, 10, 3.03%, 65, 0, 2, 32.97, 198725, 1511
5742, 0, 1, 243, 243, 10, 3.03%, 65, 0, 2, 35.57, 198908, 1511
5747, 0, 1, 243, 243, 10, 3.03%, 65, 0, 2, 35.04, 199072, 1511
5752, 0, 1, 243, 243, 10, 3.03%, 65, 0, 2, 33.19, 199242, 1511
5757, 0, 1, 243, 243, 10, 3.03%, 65, 0, 2, 35.84, 199413, 1511
5762, 0, 1, 243, 243, 10, 3.03%, 65, 0, 2, 34.98, 199586, 1511
5767, 0, 1, 243, 243, 10, 3.03%, 65, 0, 2, 30.66, 199735, 1511
5772, 0, 1, 243, 243, 10, 3.03%, 65, 0, 2, 33.59, 199906, 1511
5777, 0, 1, 243, 243, 10, 3.03%, 65, 0, 2, 36.60, 200096, 1511
5782, 0, 1, 243, 243, 10, 3.03%, 65, 0, 2, 35.41, 200282, 1511
5787, 0, 1, 243, 243, 10, 3.03%, 65, 0, 2, 31.83, 200440, 1511
5792, 0, 1, 243, 243, 10, 3.03%, 65, 0, 2, 29.32, 200580, 1511
5798, 0, 1, 243, 243, 10, 3.03%, 65, 0, 2, 37.57, 200768, 1511
5803, 0, 1, 243, 243, 10, 3.03%, 65, 0, 2, 39.08, 200971, 1511
5808, 0, 1, 243, 243, 10, 3.03%, 65, 0, 2, 37.41, 201159, 1511
5813, 0, 1, 243, 243, 10, 3.03%, 65, 0, 2, 36.48, 201334, 1511
5818, 0, 1, 243, 243, 10, 3.03%, 65, 0, 2, 35.03, 201509, 1511
5823, 0, 1, 243, 243, 10, 3.03%, 65, 0, 2, 30.12, 201668, 1511
5828, 0, 1, 243, 243, 10, 3.03%, 65, 0, 2, 34.31, 201850, 1511
5833, 0, 1, 243, 243, 10, 3.03%, 65, 0, 2, 37.33, 202045, 1511
5839, 0, 1, 243, 243, 10, 3.03%, 65, 0, 2, 33.63, 202214, 1511
5844, 0, 1, 243, 243, 10, 3.03%, 65, 0, 2, 33.13, 202387, 1511
5849, 0, 1, 244, 244, 10, 3.03%, 65, 0, 2, 35.50, 202572, 1511
5854, 0, 1, 244, 244, 10, 3.03%, 65, 0, 2, 37.12, 202754, 1511
5859, 0, 1, 244, 244, 10, 3.03%, 65, 0, 2, 43.91, 202946, 1511
5864, 0, 1, 244, 244, 10, 3.03%, 65, 0, 2, 44.83, 203169, 1511
5869, 0, 1, 244, 244, 10, 3.03%, 65, 0, 2, 38.71, 203342, 1511
5874, 0, 1, 244, 244, 10, 3.03%, 65, 0, 2, 28.18, 203485, 1511
5880, 0, 1, 244, 244, 10, 3.03%, 65, 0, 2, 33.06, 203653, 1511
5885, 0, 1, 244, 244, 10, 3.03%, 65, 0, 2, 34.33, 203839, 1511
5890, 0, 1, 244, 244, 10, 3.03%, 65, 0, 2, 35.06, 204022, 1511
5895, 0, 1, 244, 244, 10, 3.03%, 65, 0, 2, 30.17, 204185, 1511
5900, 0, 1, 244, 244, 10, 3.03%, 65, 0, 2, 34.20, 204361, 1511
5905, 0, 1, 244, 244, 10, 3.03%, 65, 0, 2, 34.46, 204543, 1511
5911, 0, 1, 244, 244, 10, 3.03%, 65, 0, 2, 30.51, 204695, 1511
5916, 0, 1, 244, 244, 10, 3.03%, 65, 0, 2, 33.12, 204876, 1511
5921, 0, 1, 244, 244, 10, 3.03%, 65, 0, 2, 37.77, 205079, 1511
5926, 0, 1, 244, 244, 10, 3.03%, 65, 0, 2, 34.39, 205250, 1511
5931, 0, 1, 244, 244, 10, 3.03%, 65, 0, 2, 38.17, 205458, 1511
5936, 0, 1, 244, 244, 10, 3.03%, 65, 0, 2, 38.70, 205654, 1511
5941, 0, 1, 244, 244, 10, 3.03%, 65, 0, 2, 34.41, 205808, 1511
5946, 0, 1, 244, 244, 10, 3.03%, 65, 0, 2, 35.93, 205994, 1511
5951, 0, 1, 244, 244, 10, 3.03%, 65, 0, 2, 41.33, 206196, 1511
5956, 0, 1, 244, 244, 10, 3.03%, 65, 0, 2, 34.84, 206368, 1511
5961, 0, 1, 244, 244, 10, 3.03%, 65, 0, 2, 36.14, 206558, 1511
5967, 0, 1, 244, 244, 10, 3.03%, 65, 0, 2, 32.83, 206725, 1511
5972, 0, 1, 244, 244, 10, 3.03%, 65, 0, 2, 37.36, 206913, 1511
5977, 0, 1, 244, 244, 10, 3.03%, 65, 0, 2, 36.74, 207096, 1511
5982, 0, 1, 245, 245, 10, 3.03%, 65, 0, 2, 33.31, 207259, 1511
5987, 0, 1, 245, 245, 10, 3.03%, 65, 0, 2, 36.05, 207449, 1511
5992, 0, 1, 245, 245, 10, 3.03%, 65, 0, 2, 36.17, 207630, 1511
5997, 0, 1, 245, 245, 10, 3.03%, 65, 0, 2, 36.54, 207811, 1511
6002, 0, 1, 245, 245, 10, 3.03%, 65, 0, 2, 36.16, 207997, 1511
6008, 0, 1, 245, 245, 10, 3.03%, 65, 0, 2, 43.98, 208174, 1511
6013, 0, 1, 245, 245, 10, 3.03%, 65, 0, 2, 37.30, 208350, 1511
6018, 0, 1, 245, 245, 10, 3.03%, 65, 0, 2, 35.84, 208530, 1511
6023, 0, 1, 245, 245, 10, 3.03%, 65, 0, 2, 33.65, 208704, 1511
6028, 0, 1, 246, 246, 10, 3.03%, 65, 0, 2, 35.07, 208875, 1511
6033, 0, 1, 246, 246, 10, 3.03%, 65, 0, 2, 32.82, 209037, 1511
6038, 0, 1, 246, 246, 10, 3.03%, 65, 0, 2, 38.83, 209236, 1511
6043, 0, 1, 246, 246, 10, 3.03%, 65, 0, 2, 34.87, 209403, 1511
6049, 0, 1, 246, 246, 10, 3.03%, 65, 0, 2, 42.25, 209588, 1511
6054, 0, 1, 246, 246, 10, 3.03%, 65, 0, 2, 35.95, 209762, 1511
6059, 0, 1, 246, 246, 10, 3.03%, 65, 0, 2, 36.81, 209938, 1511
6064, 0, 1, 246, 246, 10, 3.03%, 65, 0, 2, 32.86, 210087, 1511
6069, 0, 1, 246, 246, 10, 3.03%, 65, 0, 2, 30.52, 210239, 1511
6074, 0, 1, 246, 246, 10, 3.03%, 65, 0, 2, 37.66, 210433, 1511
6079, 0, 1, 246, 246, 10, 3.03%, 65, 0, 2, 37.18, 210612, 1511
6085, 0, 1, 246, 246, 10, 3.03%, 65, 0, 2, 37.38, 210795, 1511
6090, 0, 1, 246, 246, 10, 3.03%, 65, 0, 2, 37.87, 210986, 1511
6095, 0, 1, 246, 246, 10, 3.03%, 65, 0, 2, 34.96, 211156, 1511
6100, 0, 1, 246, 246, 10, 3.03%, 65, 0, 2, 38.48, 211354, 1511
6105, 0, 1, 246, 246, 10, 3.03%, 65, 0, 2, 33.81, 211517, 1511
6110, 0, 1, 246, 246, 10, 3.03%, 65, 0, 2, 37.14, 211707, 1511
6115, 0, 1, 246, 246, 10, 3.03%, 65, 0, 2, 35.01, 211879, 1511
6120, 0, 1, 246, 246, 10, 3.03%, 65, 0, 2, 35.71, 212041, 1511
6125, 0, 1, 246, 246, 10, 3.03%, 65, 0, 2, 29.67, 212183, 1511
6130, 0, 1, 246, 246, 10, 3.03%, 65, 0, 2, 29.70, 212337, 1511
6135, 0, 1, 246, 246, 10, 3.03%, 65, 0, 2, 36.08, 212519, 1511
6140, 0, 1, 246, 246, 10, 3.03%, 65, 0, 2, 34.30, 212682, 1511
6146, 0, 1, 246, 246, 10, 3.03%, 65, 0, 2, 33.92, 212849, 1511
6151, 0, 1, 246, 246, 10, 3.03%, 65, 0, 2, 32.82, 213013, 1511
6156, 0, 1, 246, 246, 10, 3.03%, 65, 0, 2, 33.79, 213186, 1511
6161, 0, 1, 246, 246, 10, 3.03%, 65, 0, 2, 32.29, 213339, 1511
6166, 0, 1, 246, 246, 10, 3.03%, 65, 0, 2, 34.47, 213514, 1511
6171, 0, 1, 246, 246, 10, 3.03%, 65, 0, 2, 32.83, 213672, 1511
6176, 0, 1, 246, 246, 10, 3.03%, 65, 0, 2, 30.14, 213827, 1511
6181, 0, 1, 246, 246, 10, 3.03%, 65, 0, 2, 33.06, 214005, 1511
6186, 0, 1, 246, 246, 10, 3.03%, 65, 0, 2, 38.06, 214209, 1511
6191, 0, 1, 246, 246, 10, 3.03%, 65, 0, 2, 33.91, 214368, 1511
6197, 0, 1, 246, 246, 10, 3.03%, 65, 0, 2, 36.87, 214553, 1511
6202, 0, 1, 246, 246, 10, 3.03%, 65, 0, 2, 36.31, 214734, 1511
6207, 0, 1, 246, 246, 10, 3.03%, 65, 0, 2, 36.43, 214928, 1511
6212, 0, 1, 246, 246, 10, 3.03%, 65, 0, 2, 33.87, 215099, 1511
6217, 0, 1, 246, 246, 10, 3.03%, 65, 0, 2, 35.84, 215269, 1511
6222, 0, 1, 246, 246, 10, 3.03%, 65, 0, 2, 33.52, 215444, 1511
6227, 0, 1, 246, 246, 10, 3.03%, 65, 0, 2, 32.10, 215604, 1511
6233, 0, 1, 246, 246, 10, 3.03%, 65, 0, 2, 34.93, 215786, 1511
6238, 0, 1, 246, 246, 10, 3.03%, 65, 0, 2, 31.95, 215954, 1511
6243, 0, 1, 247, 247, 10, 3.03%, 65, 0, 2, 31.69, 216108, 1511
6248, 0, 1, 247, 247, 10, 3.03%, 65, 0, 2, 32.93, 216275, 1511
6253, 0, 1, 247, 247, 10, 3.03%, 65, 0, 2, 34.75, 216448, 1511
6258, 0, 1, 247, 247, 10, 3.03%, 65, 0, 2, 38.98, 216640, 1511
6263, 0, 1, 247, 247, 10, 3.03%, 65, 0, 2, 42.14, 216863, 1511
6268, 0, 1, 247, 247, 10, 3.03%, 65, 0, 2, 30.16, 217004, 1511
6273, 0, 1, 247, 247, 10, 3.03%, 65, 0, 2, 31.10, 217170, 1511
6278, 0, 1, 247, 247, 10, 3.03%, 65, 0, 2, 37.15, 217369, 1511
6283, 0, 1, 247, 247, 10, 3.03%, 65, 0, 2, 37.61, 217564, 1511
6289, 0, 1, 247, 247, 10, 3.03%, 65, 0, 2, 35.63, 217740, 1511
6294, 0, 1, 247, 247, 10, 3.03%, 65, 0, 2, 35.50, 217928, 1511
6299, 0, 1, 247, 247, 10, 3.03%, 65, 0, 2, 38.68, 218122, 1511
6304, 0, 1, 247, 247, 10, 3.03%, 65, 0, 2, 30.57, 218273, 1511
6309, 0, 1, 247, 247, 10, 3.03%, 65, 0, 2, 33.75, 218442, 1511
6314, 0, 1, 247, 247, 10, 3.03%, 65, 0, 2, 33.76, 218612, 1511
6319, 0, 1, 247, 247, 10, 3.03%, 65, 0, 2, 33.03, 218774, 1511
6324, 0, 1, 247, 247, 10, 3.03%, 65, 0, 2, 35.79, 218956, 1511
6329, 0, 1, 247, 247, 10, 3.03%, 65, 0, 2, 35.38, 219139, 1511
6335, 0, 1, 247, 247, 10, 3.03%, 65, 0, 2, 33.70, 219319, 1511
6340, 0, 1, 247, 247, 10, 3.03%, 65, 0, 2, 34.82, 219490, 1511
6345, 0, 1, 248, 248, 10, 3.03%, 65, 0, 2, 37.21, 219678, 1511
6350, 0, 1, 248, 248, 10, 3.03%, 65, 0, 2, 30.62, 219815, 1511
6355, 0, 1, 248, 248, 10, 3.03%, 65, 0, 2, 36.54, 220010, 1511
6360, 0, 1, 248, 248, 10, 3.03%, 65, 0, 2, 34.54, 220183, 1511
6365, 0, 1, 248, 248, 10, 3.03%, 65, 0, 2, 40.01, 220381, 1511
6370, 0, 1, 248, 248, 10, 3.03%, 65, 0, 2, 37.50, 220573, 1511
6375, 0, 1, 248, 248, 10, 3.03%, 65, 0, 2, 35.78, 220759, 1511
6381, 0, 1, 248, 248, 10, 3.03%, 65, 0, 2, 35.50, 220937, 1511
6386, 0, 1, 248, 248, 10, 3.03%, 65, 0, 2, 37.11, 221131, 1511
6391, 0, 1, 248, 248, 10, 3.03%, 65, 0, 2, 34.76, 221312, 1511
6396, 0, 1, 248, 248, 10, 3.03%, 65, 0, 2, 32.57, 221467, 1511
6401, 0, 1, 248, 248, 10, 3.03%, 65, 0, 2, 32.88, 221639, 1511
6406, 0, 1, 248, 248, 10, 3.03%, 65, 0, 2, 32.39, 221797, 1511
6411, 0, 1, 248, 248, 10, 3.03%, 65, 0, 2, 45.77, 221990, 1511
6416, 0, 1, 248, 248, 10, 3.03%, 65, 0, 2, 36.04, 222151, 1511
6422, 0, 1, 248, 248, 10, 3.03%, 65, 0, 2, 34.88, 222327, 1511
6427, 0, 1, 248, 248, 10, 3.03%, 65, 0, 2, 36.50, 222520, 1511
6432, 0, 1, 248, 248, 10, 3.03%, 65, 0, 2, 34.84, 222699, 1511
6437, 0, 1, 248, 248, 10, 3.03%, 65, 0, 2, 35.26, 222881, 1511
6442, 0, 1, 248, 248, 10, 3.03%, 65, 0, 2, 31.90, 223050, 1511
6447, 0, 1, 248, 248, 10, 3.03%, 65, 0, 2, 35.25, 223224, 1511
6452, 0, 1, 248, 248, 10, 3.03%, 65, 0, 2, 33.47, 223395, 1511
6457, 0, 1, 248, 248, 10, 3.03%, 65, 0, 2, 35.26, 223568, 1511
6463, 0, 1, 248, 248, 10, 3.03%, 65, 0, 2, 38.23, 223758, 1511
6468, 0, 1, 248, 248, 10, 3.03%, 65, 0, 2, 37.47, 223956, 1511
6473, 0, 1, 248, 248, 10, 3.03%, 65, 0, 2, 38.27, 224139, 1511
6478, 0, 1, 248, 248, 10, 3.03%, 66, 0, 2, 40.38, 224335, 1511
6483, 0, 1, 248, 248, 10, 3.03%, 66, 0, 2, 30.85, 224485, 1511
6488, 0, 1, 248, 248, 10, 3.03%, 66, 0, 2, 34.60, 224671, 1511
6493, 0, 1, 248, 248, 10, 3.03%, 66, 0, 2, 35.49, 224848, 1511
6498, 0, 1, 248, 248, 10, 3.03%, 66, 0, 2, 37.85, 225042, 1511
6503, 0, 1, 248, 248, 10, 3.03%, 66, 0, 2, 35.50, 225225, 1511
6508, 0, 1, 248, 248, 10, 3.03%, 66, 0, 2, 32.65, 225390, 1511
6513, 0, 1, 248, 248, 10, 3.03%, 66, 0, 2, 47.74, 225545, 1511
6519, 0, 1, 248, 248, 10, 3.03%, 66, 0, 2, 34.13, 225700, 1511
6524, 0, 1, 248, 248, 10, 3.03%, 66, 0, 2, 35.09, 225880, 1511
6529, 0, 1, 248, 248, 10, 3.03%, 66, 0, 2, 35.02, 226050, 1511
6534, 0, 1, 248, 248, 10, 3.03%, 66, 0, 2, 33.53, 226238, 1511
6539, 0, 1, 248, 248, 10, 3.03%, 66, 0, 2, 36.27, 226425, 1511
6544, 0, 1, 248, 248, 10, 3.03%, 66, 0, 2, 39.37, 226616, 1511
6549, 0, 1, 248, 248, 10, 3.03%, 66, 0, 2, 35.10, 226796, 1511
6554, 0, 1, 248, 248, 10, 3.03%, 66, 0, 2, 33.05, 226963, 1511
6559, 0, 1, 248, 248, 10, 3.03%, 66, 0, 2, 32.10, 227112, 1511
6565, 0, 1, 248, 248, 10, 3.03%, 66, 0, 2, 34.50, 227281, 1511
6570, 0, 1, 248, 248, 10, 3.03%, 66, 0, 2, 30.53, 227435, 1511
6575, 0, 1, 248, 248, 10, 3.03%, 66, 0, 2, 36.55, 227615, 1511
6580, 0, 1, 248, 248, 10, 3.03%, 66, 0, 2, 36.63, 227785, 1511
6585, 0, 1, 248, 248, 10, 3.03%, 67, 0, 2, 37.67, 227973, 1511
6590, 0, 1, 248, 248, 10, 3.03%, 67, 0, 2, 36.12, 228143, 1511
6595, 0, 1, 248, 248, 10, 3.03%, 67, 0, 2, 29.43, 228280, 1511
6600, 0, 1, 248, 248, 10, 3.03%, 67, 0, 2, 35.87, 228466, 1511
6605, 0, 1, 248, 248, 10, 3.03%, 67, 0, 2, 34.71, 228639, 1511
6611, 0, 1, 248, 248, 10, 3.03%, 67, 0, 2, 35.18, 228826, 1511
6616, 0, 1, 248, 248, 10, 3.03%, 67, 0, 2, 40.87, 229031, 1511
6621, 0, 1, 248, 248, 10, 3.03%, 67, 0, 2, 37.01, 229222, 1511
6626, 0, 1, 248, 248, 10, 3.03%, 67, 0, 2, 36.27, 229406, 1511
6631, 0, 1, 248, 248, 10, 3.03%, 67, 0, 2, 37.86, 229597, 1511
6636, 0, 1, 248, 248, 10, 3.03%, 67, 0, 2, 32.35, 229755, 1511
6641, 0, 1, 248, 248, 10, 3.03%, 67, 0, 2, 33.64, 229932, 1511
6646, 0, 1, 248, 248, 10, 3.03%, 67, 0, 2, 32.93, 230093, 1511
6651, 0, 1, 248, 248, 10, 3.03%, 67, 0, 2, 35.41, 230275, 1511
6657, 0, 1, 248, 248, 10, 3.03%, 67, 0, 2, 32.37, 230440, 1511
6662, 0, 1, 248, 248, 10, 3.03%, 67, 0, 2, 32.06, 230607, 1511
6667, 0, 1, 248, 248, 10, 3.03%, 67, 0, 2, 32.14, 230776, 1511
6672, 0, 1, 248, 248, 10, 3.03%, 67, 0, 2, 33.86, 230957, 1511
6677, 0, 1, 248, 248, 10, 3.03%, 67, 0, 2, 35.42, 231129, 1511
6682, 0, 1, 248, 248, 10, 3.03%, 67, 0, 2, 38.42, 231321, 1511
6687, 0, 1, 248, 248, 10, 3.03%, 67, 0, 2, 36.40, 231518, 1511
6693, 0, 1, 249, 249, 10, 3.03%, 67, 0, 2, 36.33, 231692, 1511
6698, 0, 1, 249, 249, 10, 3.03%, 67, 0, 2, 31.77, 231845, 1511
6703, 0, 1, 249, 249, 10, 3.03%, 67, 0, 2, 27.80, 231993, 1511
6708, 0, 1, 249, 249, 10, 3.03%, 67, 0, 2, 29.91, 232156, 1511
6713, 0, 1, 249, 249, 10, 3.03%, 67, 0, 2, 35.83, 232334, 1511
6718, 0, 1, 249, 249, 10, 3.03%, 67, 0, 2, 31.55, 232486, 1511
6723, 0, 1, 249, 249, 10, 3.03%, 67, 0, 2, 33.08, 232652, 1511
6729, 0, 1, 250, 250, 10, 3.03%, 67, 0, 2, 31.65, 232816, 1511
6734, 0, 1, 253, 253, 10, 3.03%, 68, 0, 2, 29.86, 232956, 1511
6739, 0, 1, 255, 255, 10, 3.03%, 68, 0, 2, 28.63, 233087, 1511
6744, 0, 1, 256, 256, 10, 3.03%, 68, 0, 2, 31.03, 233259, 1511
6749, 0, 1, 256, 256, 10, 3.03%, 68, 0, 2, 34.72, 233444, 1511
6755, 0, 1, 256, 256, 10, 3.03%, 68, 0, 2, 38.30, 233642, 1511
6760, 0, 1, 256, 256, 10, 3.03%, 68, 0, 2, 31.22, 233784, 1511
6765, 0, 1, 257, 257, 10, 3.03%, 68, 0, 2, 33.44, 233960, 1511
6770, 0, 1, 257, 257, 10, 3.03%, 68, 0, 2, 33.04, 234128, 1511
6775, 0, 1, 257, 257, 10, 3.03%, 68, 0, 2, 32.86, 234302, 1511
6780, 0, 1, 257, 257, 10, 3.03%, 68, 0, 2, 35.57, 234496, 1511
6785, 0, 1, 257, 257, 10, 3.03%, 68, 0, 2, 29.62, 234646, 1511
6791, 0, 1, 257, 257, 10, 3.03%, 68, 0, 2, 31.60, 234805, 1511
6796, 0, 1, 257, 257, 10, 3.03%, 68, 0, 2, 34.95, 234979, 1511
6801, 0, 1, 258, 258, 10, 3.03%, 68, 0, 2, 32.95, 235159, 1511
6806, 0, 1, 258, 258, 10, 3.03%, 68, 0, 2, 37.53, 235352, 1511
6812, 0, 1, 258, 258, 10, 3.03%, 68, 0, 2, 36.00, 235530, 1511
6817, 0, 1, 259, 259, 10, 3.03%, 68, 0, 2, 30.69, 235697, 1511
6822, 0, 1, 260, 260, 10, 3.03%, 68, 0, 2, 31.35, 235867, 1513
6827, 0, 1, 261, 261, 10, 3.03%, 68, 0, 2, 34.52, 236050, 1513
6833, 0, 1, 261, 261, 10, 3.03%, 68, 0, 2, 38.63, 236240, 1513
6838, 0, 1, 262, 262, 10, 3.03%, 68, 0, 2, 33.26, 236394, 1513
6843, 0, 1, 263, 263, 10, 3.03%, 68, 0, 2, 31.36, 236562, 1513
6849, 0, 1, 263, 263, 10, 3.03%, 68, 0, 2, 34.73, 236740, 1513
6854, 0, 1, 263, 263, 10, 3.03%, 68, 0, 2, 35.56, 236930, 1513
6859, 0, 1, 263, 263, 10, 3.03%, 68, 0, 2, 33.35, 237090, 1513
6864, 0, 1, 263, 263, 10, 3.03%, 69, 0, 2, 47.44, 237340, 1513
6872, 0, 2, 264, 263, 9, 3.03%, 69, 0, 2, 42.83, 237614, 1513
6877, 0, 2, 272, 271, 9, 3.04%, 69, 0, 2, 42.43, 237802, 1517
6883, 0, 2, 280, 279, 9, 3.05%, 69, 0, 2, 38.71, 237970, 1522
6888, 0, 2, 285, 284, 9, 3.05%, 69, 0, 2, 35.82, 238105, 1524
6895, 0, 2, 288, 287, 9, 3.06%, 69, 0, 2, 34.74, 238343, 1526
6901, 0, 2, 293, 292, 9, 3.07%, 69, 0, 2, 32.94, 238486, 1530
6906, 0, 6, 296, 295, 37, 3.07%, 69, 0, 2, 27.27, 238633, 1531
6911, 0, 6, 296, 295, 37, 3.07%, 69, 0, 2, 25.97, 238764, 1531
6916, 0, 6, 296, 295, 37, 3.07%, 69, 0, 2, 28.42, 238904, 1531
6921, 0, 6, 296, 295, 37, 3.07%, 69, 0, 2, 23.86, 239022, 1531
6926, 0, 6, 296, 295, 37, 3.07%, 69, 0, 2, 29.87, 239180, 1531
6931, 0, 6, 296, 295, 37, 3.07%, 69, 0, 2, 26.32, 239304, 1531
6936, 0, 6, 296, 295, 37, 3.07%, 69, 0, 2, 26.05, 239426, 1531
6941, 0, 6, 296, 295, 37, 3.07%, 69, 0, 2, 27.25, 239563, 1531
6946, 0, 6, 296, 295, 37, 3.07%, 69, 0, 2, 27.20, 239688, 1531
6952, 0, 6, 296, 295, 37, 3.07%, 69, 0, 2, 25.93, 239826, 1531
6957, 0, 6, 296, 295, 37, 3.07%, 70, 0, 2, 35.41, 239997, 1531
6962, 0, 6, 296, 295, 37, 3.07%, 70, 0, 2, 26.91, 240125, 1531
6967, 0, 6, 297, 296, 37, 3.07%, 70, 0, 2, 28.39, 240257, 1531
6972, 0, 6, 297, 296, 37, 3.07%, 70, 0, 2, 26.44, 240388, 1531
6977, 0, 6, 297, 296, 37, 3.07%, 70, 0, 2, 27.21, 240533, 1531
6982, 0, 6, 297, 296, 37, 3.07%, 70, 0, 2, 28.28, 240684, 1531
6988, 0, 6, 297, 296, 37, 3.07%, 70, 0, 2, 28.93, 240822, 1531
6993, 0, 6, 297, 296, 37, 3.07%, 70, 0, 2, 33.65, 240955, 1531
6998, 0, 6, 297, 296, 37, 3.07%, 70, 0, 2, 27.22, 241096, 1531
7003, 0, 6, 297, 296, 37, 3.07%, 70, 0, 2, 29.04, 241246, 1531
7008, 0, 6, 297, 296, 37, 3.07%, 70, 0, 2, 28.22, 241387, 1531
7013, 0, 6, 297, 296, 37, 3.07%, 70, 0, 2, 30.09, 241528, 1531
7018, 0, 6, 297, 296, 37, 3.07%, 70, 0, 2, 26.57, 241666, 1531
7024, 0, 6, 297, 296, 37, 3.07%, 70, 0, 2, 20.77, 241766, 1531
7029, 0, 6, 297, 296, 37, 3.07%, 70, 0, 2, 23.07, 241884, 1531
7034, 0, 6, 297, 296, 37, 3.07%, 70, 0, 2, 22.08, 242002, 1531
7039, 0, 6, 297, 296, 37, 3.07%, 70, 0, 2, 22.29, 242124, 1531
7044, 0, 6, 297, 296, 37, 3.07%, 70, 0, 2, 26.16, 242263, 1531
7049, 0, 6, 297, 296, 37, 3.07%, 70, 0, 2, 21.56, 242368, 1531
7054, 0, 6, 297, 296, 37, 3.07%, 70, 0, 2, 20.22, 242474, 1531
7059, 0, 6, 297, 296, 37, 3.07%, 70, 0, 2, 19.58, 242567, 1531
7065, 0, 6, 297, 296, 37, 3.07%, 70, 0, 2, 21.15, 242683, 1531
7070, 0, 6, 297, 296, 37, 3.07%, 70, 0, 2, 22.20, 242793, 1531
7075, 0, 6, 297, 296, 37, 3.07%, 70, 0, 2, 23.61, 242916, 1531
7080, 0, 6, 297, 296, 37, 3.07%, 70, 0, 2, 20.06, 243001, 1531
7085, 0, 6, 297, 296, 37, 3.07%, 70, 0, 2, 24.57, 243130, 1531
7090, 0, 6, 297, 296, 37, 3.07%, 70, 0, 2, 22.25, 243236, 1531
7095, 0, 6, 297, 296, 37, 3.07%, 70, 0, 2, 20.61, 243330, 1531
7100, 0, 6, 297, 296, 37, 3.07%, 70, 0, 2, 17.84, 243416, 1531
7106, 0, 6, 297, 296, 37, 3.07%, 70, 0, 2, 23.06, 243538, 1531
7111, 0, 6, 297, 296, 37, 3.07%, 70, 0, 2, 21.94, 243647, 1531
7116, 0, 6, 297, 296, 37, 3.07%, 70, 0, 2, 20.31, 243747, 1531
7121, 0, 6, 297, 296, 37, 3.07%, 70, 0, 2, 19.84, 243833, 1531
7126, 0, 6, 297, 296, 37, 3.07%, 70, 0, 2, 18.48, 243935, 1531
7131, 0, 6, 297, 296, 37, 3.07%, 70, 0, 2, 23.86, 244058, 1531
7136, 0, 6, 297, 296, 37, 3.07%, 70, 0, 2, 23.99, 244171, 1531
7141, 0, 6, 297, 296, 37, 3.07%, 70, 0, 2, 20.52, 244272, 1531
7146, 0, 6, 297, 296, 37, 3.07%, 70, 0, 2, 24.15, 244386, 1531
7151, 0, 6, 297, 296, 37, 3.07%, 70, 0, 2, 19.78, 244477, 1531
7156, 0, 6, 297, 296, 37, 3.07%, 70, 0, 2, 21.19, 244581, 1531
7161, 0, 6, 297, 296, 37, 3.07%, 70, 0, 2, 23.39, 244705, 1531
7167, 0, 6, 297, 296, 37, 3.07%, 70, 0, 2, 22.83, 244819, 1531
7172, 0, 6, 297, 296, 37, 3.07%, 70, 0, 2, 18.76, 244914, 1531
7177, 0, 6, 297, 296, 37, 3.07%, 70, 0, 2, 25.79, 245054, 1531
7182, 0, 6, 297, 296, 37, 3.07%, 70, 0, 2, 29.01, 245198, 1531
7187, 0, 6, 297, 296, 37, 3.07%, 70, 0, 2, 24.44, 245313, 1531
7192, 0, 6, 297, 296, 37, 3.07%, 70, 0, 2, 25.72, 245455, 1531
7197, 0, 6, 297, 296, 37, 3.07%, 70, 0, 2, 24.06, 245569, 1531
7203, 0, 6, 297, 296, 37, 3.07%, 70, 0, 2, 30.41, 245703, 1531
7208, 0, 6, 297, 296, 37, 3.07%, 70, 0, 2, 27.19, 245836, 1531
7213, 0, 6, 297, 296, 37, 3.07%, 70, 0, 2, 27.92, 245979, 1531
7218, 0, 6, 297, 296, 37, 3.07%, 70, 0, 2, 27.50, 246114, 1531
7223, 0, 6, 297, 296, 37, 3.07%, 70, 0, 2, 25.46, 246243, 1531
7228, 0, 6, 297, 296, 37, 3.07%, 70, 0, 2, 27.83, 246392, 1531
7233, 0, 6, 297, 296, 37, 3.07%, 70, 0, 2, 29.71, 246545, 1531
7238, 0, 6, 297, 296, 37, 3.07%, 70, 0, 2, 31.08, 246708, 1531
7243, 0, 6, 297, 296, 37, 3.07%, 70, 0, 2, 28.10, 246846, 1531
7249, 0, 6, 297, 296, 37, 3.07%, 70, 0, 2, 31.78, 247004, 1531
7254, 0, 6, 297, 296, 37, 3.07%, 70, 0, 2, 27.11, 247128, 1531
7259, 0, 6, 297, 296, 37, 3.07%, 70, 0, 2, 28.89, 247277, 1531
7264, 0, 6, 297, 296, 37, 3.07%, 70, 0, 2, 28.05, 247412, 1531
7269, 0, 6, 297, 296, 37, 3.07%, 70, 0, 2, 27.87, 247554, 1531
7274, 0, 6, 297, 296, 37, 3.07%, 70, 0, 2, 25.88, 247679, 1531
7279, 0, 6, 297, 296, 37, 3.07%, 70, 0, 2, 26.82, 247810, 1531
7285, 0, 6, 297, 296, 37, 3.07%, 70, 0, 2, 24.81, 247940, 1531
7290, 0, 6, 297, 296, 37, 3.07%, 70, 0, 2, 24.44, 248062, 1531
7295, 0, 6, 297, 296, 37, 3.07%, 70, 0, 2, 24.77, 248192, 1531
7300, 0, 6, 297, 296, 37, 3.07%, 70, 0, 2, 25.34, 248322, 1531
7305, 0, 6, 298, 297, 37, 3.07%, 70, 0, 2, 25.68, 248443, 1533
7310, 0, 6, 298, 297, 37, 3.07%, 70, 0, 2, 23.18, 248551, 1533
7315, 0, 6, 298, 297, 37, 3.07%, 70, 0, 2, 25.99, 248677, 1533
7321, 0, 6, 298, 297, 37, 3.07%, 70, 0, 2, 19.12, 248841, 1533
7326, 0, 6, 298, 297, 37, 3.07%, 70, 0, 2, 27.27, 248984, 1533
7331, 0, 6, 298, 297, 37, 3.07%, 70, 0, 2, 28.41, 249141, 1533
7336, 0, 6, 298, 297, 37, 3.07%, 70, 0, 2, 25.94, 249277, 1533
7341, 0, 6, 298, 297, 37, 3.07%, 70, 0, 2, 27.54, 249428, 1533
7346, 0, 6, 298, 297, 37, 3.07%, 70, 0, 2, 28.72, 249572, 1533
7351, 0, 6, 298, 297, 37, 3.07%, 70, 0, 2, 25.45, 249699, 1533
7356, 0, 6, 298, 297, 37, 3.07%, 70, 0, 2, 26.78, 249844, 1533
7362, 0, 6, 298, 297, 37, 3.07%, 70, 0, 2, 6.44, 249972, 1533
7367, 0, 6, 298, 297, 37, 3.07%, 70, 0, 2, 31.50, 250125, 1533
7372, 0, 6, 298, 297, 37, 3.07%, 70, 0, 2, 31.44, 250272, 1533
7377, 0, 6, 298, 297, 37, 3.07%, 70, 0, 2, 25.26, 250394, 1533
7382, 0, 6, 298, 297, 37, 3.07%, 70, 0, 2, 25.54, 250522, 1533
7387, 0, 6, 298, 297, 37, 3.07%, 70, 0, 2, 30.22, 250675, 1533
7392, 0, 6, 298, 297, 37, 3.07%, 70, 0, 2, 26.40, 250805, 1533
7398, 0, 6, 298, 297, 37, 3.07%, 70, 0, 2, 25.56, 250941, 1533
7403, 0, 6, 298, 297, 37, 3.07%, 70, 0, 2, 26.04, 251073, 1533
7408, 0, 6, 298, 297, 37, 3.07%, 70, 0, 2, 23.43, 251185, 1533
7413, 0, 6, 298, 297, 37, 3.07%, 70, 0, 2, 25.23, 251317, 1533
7418, 0, 6, 298, 297, 37, 3.07%, 70, 0, 2, 24.96, 251439, 1533
7423, 0, 6, 298, 297, 37, 3.07%, 70, 0, 2, 21.27, 251539, 1533
7428, 0, 6, 298, 297, 37, 3.07%, 70, 0, 2, 23.35, 251663, 1533
7434, 0, 6, 298, 297, 37, 3.07%, 70, 0, 2, 20.32, 251763, 1533
7439, 0, 6, 298, 297, 37, 3.07%, 70, 0, 2, 25.72, 251891, 1533
7444, 0, 6, 298, 297, 37, 3.07%, 70, 0, 2, 22.48, 252008, 1533
7449, 0, 6, 298, 297, 37, 3.07%, 70, 0, 2, 22.32, 252129, 1533
7454, 0, 6, 298, 297, 37, 3.07%, 70, 0, 2, 23.23, 252243, 1533
7459, 0, 6, 298, 297, 37, 3.07%, 70, 0, 2, 24.11, 252364, 1533
7464, 0, 6, 298, 297, 37, 3.07%, 70, 0, 2, 24.14, 252483, 1533
7469, 0, 6, 298, 297, 37, 3.07%, 70, 0, 2, 23.94, 252601, 1533
7474, 0, 6, 298, 297, 37, 3.07%, 70, 0, 2, 26.37, 252732, 1533
7479, 0, 6, 298, 297, 37, 3.07%, 70, 0, 2, 26.29, 252864, 1533
7485, 0, 6, 298, 297, 37, 3.07%, 70, 0, 2, 22.02, 252976, 1533
7490, 0, 6, 298, 297, 37, 3.07%, 70, 0, 2, 23.59, 253101, 1533
7495, 0, 6, 298, 297, 37, 3.07%, 70, 0, 2, 22.79, 253212, 1533
7500, 0, 6, 298, 297, 37, 3.07%, 70, 0, 2, 23.82, 253338, 1533
7505, 0, 6, 298, 297, 37, 3.07%, 70, 0, 2, 27.67, 253474, 1533
7510, 0, 6, 298, 297, 37, 3.07%, 70, 0, 2, 25.02, 253590, 1533
7515, 0, 6, 298, 297, 37, 3.07%, 70, 0, 2, 23.69, 253707, 1533
7520, 0, 6, 298, 297, 37, 3.07%, 70, 0, 2, 23.24, 253822, 1533
7525, 0, 6, 298, 297, 37, 3.07%, 70, 0, 2, 25.94, 253949, 1533
7530, 0, 6, 298, 297, 37, 3.07%, 70, 0, 2, 23.88, 254065, 1533
7535, 0, 6, 298, 297, 37, 3.07%, 70, 0, 2, 21.19, 254167, 1533
7541, 0, 6, 298, 297, 37, 3.07%, 70, 0, 2, 20.92, 254277, 1533
7546, 0, 6, 298, 297, 37, 3.07%, 70, 0, 2, 21.11, 254383, 1533
7551, 0, 6, 298, 297, 37, 3.07%, 70, 0, 2, 22.65, 254502, 1533
7556, 0, 6, 298, 297, 37, 3.07%, 70, 0, 2, 20.84, 254602, 1533
7561, 0, 6, 298, 297, 37, 3.07%, 70, 0, 2, 24.42, 254724, 1533
7566, 0, 6, 298, 297, 37, 3.07%, 70, 0, 2, 21.50, 254831, 1533
7571, 0, 6, 298, 297, 37, 3.07%, 70, 0, 2, 26.10, 254965, 1533
7576, 0, 6, 298, 297, 37, 3.07%, 70, 0, 2, 28.78, 255075, 1533
7581, 0, 6, 298, 297, 37, 3.07%, 70, 0, 2, 24.98, 255192, 1533
7587, 0, 6, 298, 297, 37, 3.07%, 70, 0, 2, 23.49, 255317, 1533
7592, 0, 6, 298, 297, 37, 3.07%, 70, 0, 2, 23.26, 255435, 1533
7597, 0, 6, 298, 297, 37, 3.07%, 70, 0, 2, 25.55, 255570, 1533
7602, 0, 6, 298, 297, 37, 3.07%, 70, 0, 2, 23.00, 255693, 1533
7607, 0, 6, 298, 297, 37, 3.07%, 70, 0, 2, 25.36, 255820, 1533
7612, 0, 6, 298, 297, 37, 3.07%, 70, 0, 2, 24.63, 255943, 1533
7617, 0, 6, 298, 297, 37, 3.07%, 70, 0, 2, 28.29, 256086, 1533
7622, 0, 6, 298, 297, 37, 3.07%, 70, 0, 2, 28.68, 256219, 1533
7627, 0, 6, 298, 297, 37, 3.07%, 70, 0, 2, 24.53, 256339, 1533
7632, 0, 6, 298, 297, 37, 3.07%, 70, 0, 2, 21.73, 256448, 1533
7638, 0, 6, 298, 297, 37, 3.07%, 70, 0, 2, 23.21, 256568, 1533
7643, 0, 6, 298, 297, 37, 3.07%, 70, 0, 2, 24.44, 256699, 1533
7648, 0, 6, 298, 297, 37, 3.07%, 70, 0, 2, 22.59, 256819, 1533
7653, 0, 6, 298, 297, 37, 3.07%, 70, 0, 2, 21.50, 256934, 1533
7658, 0, 6, 298, 297, 37, 3.07%, 70, 0, 2, 23.22, 257044, 1533
7663, 0, 6, 298, 297, 37, 3.07%, 70, 0, 2, 22.52, 257167, 1533
7668, 0, 6, 298, 297, 37, 3.07%, 70, 0, 2, 25.16, 257294, 1533
7673, 0, 6, 298, 297, 37, 3.07%, 70, 0, 2, 23.33, 257405, 1533
7678, 0, 6, 298, 297, 37, 3.07%, 70, 0, 2, 25.00, 257533, 1533
7684, 0, 6, 298, 297, 37, 3.07%, 70, 0, 2, 21.99, 257646, 1533
7689, 0, 6, 298, 297, 37, 3.07%, 70, 0, 2, 23.22, 257764, 1533
7694, 0, 6, 298, 297, 37, 3.07%, 70, 0, 2, 21.92, 257875, 1533
7699, 0, 6, 298, 297, 37, 3.07%, 70, 0, 2, 23.13, 257999, 1533
7704, 0, 6, 298, 297, 37, 3.07%, 70, 0, 2, 24.28, 258122, 1533
7709, 0, 6, 298, 297, 37, 3.07%, 70, 0, 2, 24.75, 258247, 1533
7714, 0, 6, 298, 297, 37, 3.07%, 70, 0, 2, 21.88, 258355, 1533
7720, 0, 6, 298, 297, 37, 3.07%, 70, 0, 2, 25.24, 258491, 1533
7725, 0, 6, 298, 297, 37, 3.07%, 70, 0, 2, 21.83, 258595, 1533
7730, 0, 6, 298, 297, 37, 3.07%, 70, 0, 2, 24.07, 258716, 1533
7735, 0, 6, 298, 297, 37, 3.07%, 70, 0, 2, 20.75, 258824, 1533
7740, 0, 6, 298, 297, 37, 3.07%, 70, 0, 2, 24.69, 258948, 1533
7745, 0, 6, 298, 297, 37, 3.07%, 70, 0, 2, 24.88, 259077, 1533
7750, 0, 6, 298, 297, 37, 3.07%, 70, 0, 2, 22.83, 259193, 1533
7755, 0, 6, 298, 297, 37, 3.07%, 70, 0, 2, 26.41, 259327, 1533
7761, 0, 6, 298, 297, 37, 3.07%, 70, 0, 2, 21.06, 259430, 1533
7766, 0, 6, 298, 297, 37, 3.07%, 70, 0, 2, 20.27, 259534, 1533
7771, 0, 6, 298, 297, 37, 3.07%, 70, 0, 2, 23.58, 259657, 1533
7776, 0, 6, 298, 297, 37, 3.07%, 70, 0, 2, 20.74, 259758, 1533
7781, 0, 6, 298, 297, 37, 3.07%, 70, 0, 2, 21.38, 259866, 1533
7786, 0, 6, 298, 297, 37, 3.07%, 70, 0, 2, 23.82, 259995, 1533
7791, 0, 6, 298, 297, 37, 3.07%, 70, 0, 2, 25.19, 260121, 1533
7796, 0, 6, 298, 297, 37, 3.07%, 70, 0, 2, 25.68, 260251, 1533
7802, 0, 6, 298, 297, 37, 3.07%, 70, 0, 2, 25.00, 260378, 1533
7807, 0, 6, 298, 297, 37, 3.07%, 70, 0, 2, 22.63, 260490, 1533
7812, 0, 6, 298, 297, 37, 3.07%, 70, 0, 2, 25.88, 260626, 1533
7817, 0, 6, 298, 297, 37, 3.07%, 70, 0, 2, 23.74, 260740, 1533
7822, 0, 6, 298, 297, 37, 3.07%, 70, 0, 2, 25.74, 260869, 1533
7827, 0, 6, 298, 297, 37, 3.07%, 70, 0, 2, 23.61, 260985, 1533
7832, 0, 6, 298, 297, 37, 3.07%, 70, 0, 2, 21.75, 261091, 1533
7837, 0, 6, 298, 297, 37, 3.07%, 70, 0, 2, 24.15, 261212, 1533
7843, 0, 6, 298, 297, 37, 3.07%, 70, 0, 2, 22.68, 261322, 1533
7848, 0, 6, 298, 297, 37, 3.07%, 70, 0, 2, 28.64, 261472, 1533
7853, 0, 6, 298, 297, 37, 3.07%, 70, 0, 2, 28.66, 261617, 1533
7858, 0, 6, 298, 297, 37, 3.07%, 70, 0, 2, 29.65, 261776, 1533
7863, 0, 6, 298, 297, 37, 3.07%, 70, 0, 2, 28.12, 261915, 1533
7868, 0, 6, 298, 297, 37, 3.07%, 70, 0, 2, 23.73, 262026, 1533
7874, 0, 6, 298, 297, 37, 3.07%, 70, 0, 2, 20.89, 262131, 1533
7879, 0, 6, 299, 298, 37, 3.08%, 70, 0, 2, 22.87, 262254, 1535
7884, 0, 6, 299, 298, 37, 3.08%, 70, 0, 2, 23.05, 262365, 1535
7889, 0, 6, 299, 298, 37, 3.08%, 70, 0, 2, 20.92, 262471, 1535
7894, 0, 6, 299, 298, 37, 3.08%, 70, 0, 2, 24.47, 262599, 1535
7899, 0, 6, 299, 298, 37, 3.08%, 70, 0, 2, 23.04, 262718, 1535
7905, 0, 6, 299, 298, 37, 3.08%, 70, 0, 2, 23.73, 262834, 1535
7910, 0, 6, 299, 298, 37, 3.08%, 70, 0, 2, 28.88, 262952, 1535
7915, 0, 6, 299, 298, 37, 3.08%, 70, 0, 2, 25.08, 263069, 1535
7920, 0, 6, 299, 298, 37, 3.08%, 70, 0, 2, 24.57, 263191, 1535
7925, 0, 6, 299, 298, 37, 3.08%, 70, 0, 2, 23.96, 263319, 1535
7930, 0, 6, 299, 298, 37, 3.08%, 70, 0, 2, 54.86, 263607, 1535
7935, 0, 6, 299, 298, 37, 3.08%, 70, 0, 2, 36.36, 263784, 1535
7940, 0, 6, 299, 298, 37, 3.08%, 70, 0, 2, 22.90, 263880, 1535
7946, 0, 6, 299, 298, 37, 3.08%, 70, 0, 2, 25.44, 264016, 1535
7951, 0, 6, 299, 298, 37, 3.08%, 70, 0, 2, 24.07, 264129, 1535
7956, 0, 6, 299, 298, 37, 3.08%, 70, 0, 2, 22.45, 264239, 1535
7961, 0, 6, 299, 298, 37, 3.08%, 70, 0, 2, 21.77, 264345, 1535
7966, 0, 6, 299, 298, 37, 3.08%, 70, 0, 2, 25.71, 264477, 1535
7971, 0, 6, 299, 298, 37, 3.08%, 70, 0, 2, 24.27, 264596, 1535
7976, 0, 6, 299, 298, 37, 3.08%, 70, 0, 2, 23.44, 264715, 1535
7981, 0, 6, 299, 298, 37, 3.08%, 70, 0, 2, 24.28, 264834, 1535
7986, 0, 6, 299, 298, 37, 3.08%, 70, 0, 2, 24.15, 264952, 1535
7991, 0, 6, 299, 298, 37, 3.08%, 70, 0, 2, 22.17, 265062, 1535
7996, 0, 6, 299, 298, 37, 3.08%, 70, 0, 2, 27.29, 265189, 1535
8002, 0, 6, 299, 298, 37, 3.08%, 70, 0, 2, 34.74, 265409, 1535
8007, 0, 6, 299, 298, 37, 3.08%, 70, 0, 2, 25.29, 265518, 1535
8012, 0, 6, 299, 298, 37, 3.08%, 70, 0, 2, 22.87, 265630, 1535
8017, 0, 6, 299, 298, 37, 3.08%, 70, 0, 2, 22.51, 265744, 1535
8022, 0, 6, 299, 298, 37, 3.08%, 70, 0, 2, 24.91, 265869, 1535
8027, 0, 6, 299, 298, 37, 3.08%, 70, 0, 2, 24.27, 265998, 1535
8032, 0, 6, 299, 298, 37, 3.08%, 70, 0, 2, 23.90, 266117, 1535
8037, 0, 6, 299, 298, 37, 3.08%, 70, 0, 2, 20.95, 266217, 1535
8042, 0, 6, 299, 298, 37, 3.08%, 70, 0, 2, 22.70, 266335, 1535
8047, 0, 6, 299, 298, 37, 3.08%, 70, 0, 2, 20.67, 266433, 1535
8049, 0, 7, 299, 298, 37, 3.08%, 70, 0, 2, 20.67, 266473, 1535
