# relative_time, cycles_done, cur_path, paths_total, pending_total, pending_favs, map_size, unique_crashes, unique_hangs, max_depth, execs_per_sec, total_execs, edges_found
61, 0, 8, 45, 45, 9, 2.80%, 2, 0, 2, 41.81, 3042, 1399
66, 0, 8, 45, 45, 9, 2.80%, 2, 0, 2, 52.30, 3312, 1399
71, 0, 8, 45, 45, 9, 2.80%, 2, 0, 2, 42.02, 3558, 1399
76, 0, 8, 46, 46, 9, 2.81%, 2, 0, 2, 46.45, 3796, 1400
82, 0, 8, 49, 49, 9, 2.81%, 2, 0, 2, 46.86, 4035, 1403
87, 0, 8, 49, 49, 9, 2.81%, 2, 0, 2, 41.02, 4251, 1403
92, 0, 8, 49, 49, 9, 2.81%, 2, 0, 2, 45.42, 4495, 1403
97, 0, 8, 49, 49, 9, 2.81%, 2, 0, 2, 42.53, 4706, 1403
102, 0, 8, 50, 50, 9, 2.81%, 2, 0, 2, 38.60, 4901, 1404
107, 0, 8, 50, 50, 9, 2.81%, 2, 0, 2, 42.18, 5120, 1404
113, 0, 8, 50, 50, 9, 2.81%, 2, 0, 2, 47.67, 5381, 1404
118, 0, 8, 50, 50, 9, 2.81%, 2, 0, 2, 45.68, 5615, 1404
123, 0, 8, 52, 52, 9, 2.81%, 2, 0, 2, 44.43, 5836, 1404
128, 0, 8, 53, 53, 9, 2.82%, 2, 0, 2, 44.21, 6063, 1405
133, 0, 8, 53, 53, 9, 2.82%, 2, 0, 2, 46.17, 6301, 1405
138, 0, 8, 53, 53, 9, 2.82%, 2, 0, 2, 43.48, 6529, 1405
143, 0, 8, 53, 53, 9, 2.82%, 2, 0, 2, 49.72, 6778, 1405
148, 0, 8, 53, 53, 9, 2.82%, 2, 0, 2, 46.99, 7014, 1405
153, 0, 8, 54, 54, 9, 2.82%, 2, 0, 2, 43.93, 7236, 1405
159, 0, 8, 56, 56, 9, 2.82%, 2, 0, 2, 47.40, 7495, 1406
164, 0, 8, 56, 56, 9, 2.82%, 2, 0, 2, 42.98, 7708, 1406
169, 0, 8, 56, 56, 9, 2.82%, 2, 0, 2, 44.61, 7924, 1406
174, 0, 8, 57, 57, 9, 2.82%, 2, 0, 2, 44.96, 8150, 1406
179, 0, 8, 58, 58, 9, 2.82%, 2, 0, 2, 46.50, 8390, 1407
184, 0, 8, 58, 58, 9, 2.82%, 2, 0, 2, 39.72, 8581, 1407
189, 0, 8, 58, 58, 9, 2.82%, 2, 0, 2, 43.22, 8801, 1407
194, 0, 8, 59, 59, 9, 2.82%, 2, 0, 2, 45.09, 9029, 1408
200, 0, 8, 59, 59, 9, 2.82%, 2, 0, 2, 44.69, 9252, 1408
205, 0, 8, 59, 59, 9, 2.82%, 2, 0, 2, 43.56, 9474, 1408
210, 0, 8, 59, 59, 9, 2.82%, 2, 0, 2, 44.11, 9695, 1408
215, 0, 8, 59, 59, 9, 2.82%, 2, 0, 2, 56.99, 9960, 1408
220, 0, 8, 60, 60, 9, 2.82%, 3, 0, 2, 64.42, 10356, 1409
225, 0, 8, 61, 61, 9, 2.83%, 3, 0, 2, 50.31, 10589, 1412
230, 0, 8, 61, 61, 9, 2.83%, 3, 0, 2, 40.47, 10780, 1412
235, 0, 8, 61, 61, 9, 2.83%, 3, 0, 2, 43.47, 11008, 1412
240, 0, 8, 61, 61, 9, 2.83%, 3, 0, 2, 46.36, 11248, 1412
246, 0, 8, 61, 61, 9, 2.83%, 3, 0, 2, 45.93, 11479, 1412
251, 0, 8, 61, 61, 9, 2.83%, 3, 0, 2, 44.31, 11707, 1412
256, 0, 8, 61, 61, 9, 2.83%, 3, 0, 2, 46.31, 11939, 1412
261, 0, 8, 62, 62, 9, 2.84%, 3, 0, 2, 51.00, 12188, 1416
266, 0, 8, 62, 62, 9, 2.84%, 3, 0, 2, 53.96, 12498, 1416
271, 0, 8, 62, 62, 9, 2.84%, 3, 0, 2, 43.41, 12705, 1416
276, 0, 8, 62, 62, 9, 2.84%, 3, 0, 2, 44.78, 12932, 1416
281, 0, 8, 62, 62, 9, 2.84%, 3, 0, 2, 42.98, 13161, 1416
287, 0, 8, 62, 62, 9, 2.84%, 3, 0, 2, 42.68, 13387, 1416
292, 0, 8, 62, 62, 9, 2.84%, 3, 0, 2, 42.91, 13607, 1416
297, 0, 8, 62, 62, 9, 2.84%, 3, 0, 2, 42.24, 13830, 1416
302, 0, 8, 62, 62, 9, 2.84%, 3, 0, 2, 44.08, 14056, 1416
307, 0, 8, 62, 62, 9, 2.84%, 3, 0, 2, 45.02, 14286, 1416
312, 0, 8, 62, 62, 9, 2.84%, 3, 0, 2, 40.55, 14493, 1416
317, 0, 8, 62, 62, 9, 2.84%, 3, 0, 2, 45.06, 14731, 1416
322, 0, 8, 63, 63, 9, 2.84%, 3, 0, 2, 54.52, 15052, 1419
327, 0, 8, 63, 63, 9, 2.84%, 3, 0, 2, 47.25, 15286, 1419
332, 0, 8, 63, 63, 9, 2.84%, 3, 0, 2, 48.02, 15512, 1419
337, 0, 8, 64, 64, 9, 2.86%, 3, 0, 2, 45.79, 15740, 1427
343, 0, 8, 64, 64, 9, 2.86%, 3, 0, 2, 42.31, 15951, 1427
348, 0, 8, 65, 65, 9, 2.87%, 3, 0, 2, 44.10, 16171, 1430
353, 0, 8, 65, 65, 9, 2.87%, 3, 0, 2, 46.07, 16408, 1430
358, 0, 8, 65, 65, 9, 2.87%, 3, 0, 2, 41.48, 16621, 1430
363, 0, 8, 65, 65, 9, 2.87%, 3, 0, 2, 40.28, 16825, 1430
368, 0, 8, 65, 65, 9, 2.87%, 3, 0, 2, 42.72, 17041, 1430
373, 0, 8, 65, 65, 9, 2.87%, 3, 0, 2, 49.00, 17308, 1430
378, 0, 8, 65, 65, 9, 2.87%, 3, 0, 2, 45.02, 17528, 1430
383, 0, 8, 66, 66, 9, 2.87%, 3, 0, 2, 68.40, 17871, 1431
389, 0, 8, 66, 66, 9, 2.87%, 3, 0, 2, 49.12, 18094, 1431
394, 0, 8, 66, 66, 9, 2.87%, 3, 0, 2, 43.16, 18315, 1431
399, 0, 8, 66, 66, 9, 2.87%, 3, 0, 2, 43.42, 18534, 1431
404, 0, 8, 66, 66, 9, 2.87%, 3, 0, 2, 41.16, 18726, 1431
409, 0, 8, 66, 66, 9, 2.87%, 3, 0, 2, 39.00, 18909, 1431
414, 0, 8, 66, 66, 9, 2.87%, 3, 0, 2, 41.85, 19122, 1431
419, 0, 8, 66, 66, 9, 2.87%, 3, 0, 2, 38.24, 19313, 1431
424, 0, 8, 66, 66, 9, 2.87%, 3, 0, 2, 42.30, 19533, 1431
429, 0, 8, 66, 66, 9, 2.87%, 3, 0, 2, 42.92, 19749, 1431
434, 0, 8, 66, 66, 9, 2.87%, 3, 0, 2, 37.42, 19939, 1431
439, 0, 8, 66, 66, 9, 2.87%, 3, 0, 2, 41.18, 20154, 1431
444, 0, 8, 68, 68, 9, 2.88%, 3, 0, 2, 63.52, 20480, 1438
449, 0, 8, 68, 68, 9, 2.88%, 3, 0, 2, 47.55, 20697, 1438
455, 0, 8, 68, 68, 9, 2.88%, 3, 0, 2, 37.84, 20892, 1438
460, 0, 8, 68, 68, 9, 2.88%, 3, 0, 2, 48.50, 21138, 1438
465, 0, 8, 68, 68, 9, 2.88%, 3, 0, 2, 38.58, 21326, 1438
470, 0, 8, 68, 68, 9, 2.88%, 3, 0, 2, 47.46, 21577, 1438
475, 0, 8, 69, 69, 9, 2.88%, 3, 0, 2, 45.34, 21808, 1438
480, 0, 8, 69, 69, 9, 2.88%, 3, 0, 2, 42.37, 22022, 1438
486, 0, 8, 69, 69, 9, 2.88%, 3, 0, 2, 56.31, 22273, 1438
491, 0, 8, 69, 69, 9, 2.88%, 3, 0, 2, 47.88, 22505, 1438
496, 0, 8, 69, 69, 9, 2.88%, 3, 0, 2, 36.84, 22691, 1438
501, 0, 8, 69, 69, 9, 2.88%, 3, 0, 2, 40.85, 22904, 1438
506, 0, 8, 69, 69, 9, 2.88%, 3, 0, 2, 35.34, 23077, 1438
511, 0, 8, 69, 69, 9, 2.88%, 3, 0, 2, 36.17, 23261, 1438
516, 0, 8, 69, 69, 9, 2.88%, 3, 0, 2, 34.82, 23438, 1438
521, 0, 8, 69, 69, 9, 2.88%, 3, 0, 2, 37.88, 23619, 1438
526, 0, 8, 69, 69, 9, 2.88%, 3, 0, 2, 27.19, 23739, 1438
532, 0, 8, 69, 69, 9, 2.88%, 3, 0, 2, 32.07, 23908, 1438
537, 0, 8, 69, 69, 9, 2.88%, 3, 0, 2, 34.25, 24092, 1438
542, 0, 8, 69, 69, 9, 2.88%, 3, 0, 2, 51.99, 24384, 1438
547, 0, 8, 69, 69, 9, 2.88%, 3, 0, 2, 37.51, 24565, 1438
552, 0, 8, 69, 69, 9, 2.88%, 3, 0, 2, 33.46, 24731, 1438
557, 0, 8, 69, 69, 9, 2.88%, 3, 0, 2, 35.58, 24920, 1438
562, 0, 8, 69, 69, 9, 2.88%, 3, 0, 2, 30.78, 25080, 1438
567, 0, 8, 69, 69, 9, 2.88%, 3, 0, 2, 29.11, 25221, 1438
572, 0, 8, 69, 69, 9, 2.88%, 3, 0, 2, 36.84, 25431, 1438
577, 0, 8, 69, 69, 9, 2.88%, 3, 0, 2, 31.33, 25580, 1438
583, 0, 8, 69, 69, 9, 2.88%, 3, 0, 2, 33.44, 25742, 1438
588, 0, 8, 69, 69, 9, 2.88%, 3, 0, 2, 34.25, 25907, 1438
593, 0, 8, 69, 69, 9, 2.88%, 3, 0, 2, 36.80, 26092, 1438
598, 0, 8, 69, 69, 9, 2.88%, 3, 0, 2, 38.38, 26284, 1438
603, 0, 8, 69, 69, 9, 2.88%, 3, 0, 2, 28.28, 26424, 1438
608, 0, 8, 70, 70, 9, 2.88%, 3, 0, 2, 45.88, 26646, 1439
613, 0, 8, 70, 70, 9, 2.88%, 3, 0, 2, 35.53, 26803, 1439
618, 0, 8, 70, 70, 9, 2.88%, 3, 0, 2, 32.97, 26963, 1439
624, 0, 8, 70, 70, 9, 2.88%, 3, 0, 2, 36.69, 27153, 1439
629, 0, 8, 70, 70, 9, 2.88%, 3, 0, 2, 37.88, 27350, 1439
634, 0, 8, 70, 70, 9, 2.88%, 3, 0, 2, 32.81, 27512, 1439
639, 0, 8, 70, 70, 9, 2.88%, 3, 0, 2, 35.34, 27685, 1439
644, 0, 8, 70, 70, 9, 2.88%, 3, 0, 2, 33.29, 27851, 1439
649, 0, 8, 70, 70, 9, 2.88%, 3, 0, 2, 45.29, 28072, 1439
654, 0, 8, 70, 70, 9, 2.88%, 3, 0, 2, 35.47, 28243, 1439
660, 0, 8, 70, 70, 9, 2.88%, 3, 0, 2, 33.36, 28411, 1439
665, 0, 8, 70, 70, 9, 2.88%, 3, 0, 2, 36.53, 28598, 1439
670, 0, 8, 70, 70, 9, 2.88%, 3, 0, 2, 40.34, 28807, 1439
675, 0, 8, 70, 70, 9, 2.88%, 3, 0, 2, 36.81, 28998, 1439
680, 0, 8, 70, 70, 9, 2.88%, 3, 0, 2, 38.42, 29185, 1439
685, 0, 8, 70, 70, 9, 2.88%, 3, 0, 2, 41.21, 29423, 1439
690, 0, 8, 70, 70, 9, 2.88%, 3, 0, 2, 36.88, 29600, 1439
696, 0, 8, 70, 70, 9, 2.88%, 3, 0, 2, 37.88, 29779, 1439
701, 0, 8, 70, 70, 9, 2.88%, 3, 0, 2, 38.67, 29974, 1439
706, 0, 8, 70, 70, 9, 2.88%, 3, 0, 2, 38.70, 30163, 1439
711, 0, 8, 70, 70, 9, 2.88%, 3, 0, 2, 39.72, 30363, 1439
716, 0, 8, 70, 70, 9, 2.88%, 3, 0, 2, 33.28, 30523, 1439
721, 0, 8, 70, 70, 9, 2.88%, 3, 0, 2, 36.00, 30707, 1439
726, 0, 8, 70, 70, 9, 2.88%, 3, 0, 2, 39.77, 30910, 1439
731, 0, 8, 70, 70, 9, 2.88%, 3, 0, 2, 37.59, 31089, 1439
736, 0, 8, 70, 70, 9, 2.88%, 3, 0, 2, 85.58, 31502, 1439
741, 0, 8, 70, 70, 9, 2.88%, 3, 0, 2, 54.99, 31754, 1439
746, 0, 8, 70, 70, 9, 2.88%, 3, 0, 2, 42.67, 31947, 1439
752, 0, 8, 70, 70, 9, 2.88%, 3, 0, 2, 38.79, 32137, 1439
757, 0, 8, 70, 70, 9, 2.88%, 3, 0, 2, 37.68, 32316, 1439
762, 0, 8, 70, 70, 9, 2.88%, 3, 0, 2, 38.65, 32509, 1439
767, 0, 8, 70, 70, 9, 2.88%, 3, 0, 2, 37.65, 32687, 1439
772, 0, 8, 70, 70, 9, 2.88%, 3, 0, 2, 42.22, 32908, 1439
777, 0, 8, 70, 70, 9, 2.88%, 3, 0, 2, 48.12, 33137, 1439
782, 0, 8, 70, 70, 9, 2.88%, 3, 0, 2, 40.22, 33332, 1439
787, 0, 8, 70, 70, 9, 2.88%, 3, 0, 2, 34.33, 33494, 1439
792, 0, 8, 70, 70, 9, 2.88%, 3, 0, 2, 37.99, 33689, 1439
797, 0, 8, 70, 70, 9, 2.88%, 3, 0, 2, 35.09, 33863, 1439
802, 0, 8, 70, 70, 9, 2.88%, 3, 0, 2, 34.21, 34035, 1439
808, 0, 8, 70, 70, 9, 2.88%, 3, 0, 2, 34.02, 34217, 1439
813, 0, 8, 70, 70, 9, 2.88%, 3, 0, 2, 36.83, 34404, 1439
818, 0, 8, 70, 70, 9, 2.88%, 3, 0, 2, 35.72, 34585, 1439
823, 0, 8, 70, 70, 9, 2.88%, 3, 0, 2, 37.20, 34778, 1439
828, 0, 8, 70, 70, 9, 2.88%, 3, 0, 2, 32.37, 34938, 1439
833, 0, 8, 70, 70, 9, 2.88%, 3, 0, 2, 34.37, 35109, 1439
838, 0, 8, 70, 70, 9, 2.88%, 3, 0, 2, 41.50, 35346, 1439
843, 0, 8, 70, 70, 9, 2.88%, 3, 0, 2, 37.92, 35538, 1439
848, 0, 8, 70, 70, 9, 2.88%, 3, 0, 2, 42.32, 35758, 1439
853, 0, 8, 70, 70, 9, 2.88%, 3, 0, 2, 37.00, 35934, 1439
858, 0, 8, 70, 70, 9, 2.88%, 3, 0, 2, 39.02, 36137, 1439
863, 0, 8, 70, 70, 9, 2.88%, 3, 0, 2, 40.28, 36328, 1439
869, 0, 8, 70, 70, 9, 2.88%, 3, 0, 2, 39.75, 36540, 1439
874, 0, 8, 70, 70, 9, 2.88%, 3, 0, 2, 37.72, 36720, 1439
879, 0, 8, 70, 70, 9, 2.88%, 3, 0, 2, 36.57, 36906, 1439
884, 0, 8, 70, 70, 9, 2.88%, 3, 0, 2, 36.00, 37078, 1439
889, 0, 8, 70, 70, 9, 2.88%, 3, 0, 2, 38.32, 37279, 1439
894, 0, 8, 70, 70, 9, 2.88%, 3, 0, 2, 47.19, 37520, 1439
899, 0, 8, 70, 70, 9, 2.88%, 3, 0, 2, 40.15, 37713, 1439
904, 0, 8, 70, 70, 9, 2.88%, 3, 0, 2, 35.94, 37886, 1439
909, 0, 8, 70, 70, 9, 2.88%, 3, 0, 2, 39.80, 38094, 1439
914, 0, 8, 70, 70, 9, 2.88%, 3, 0, 2, 40.43, 38297, 1439
920, 0, 8, 70, 70, 9, 2.88%, 3, 0, 2, 36.32, 38479, 1439
925, 0, 8, 70, 70, 9, 2.88%, 3, 0, 2, 41.28, 38691, 1439
930, 0, 8, 70, 70, 9, 2.88%, 3, 0, 2, 34.33, 38858, 1439
935, 0, 8, 70, 70, 9, 2.88%, 3, 0, 2, 37.27, 39041, 1439
940, 0, 8, 70, 70, 9, 2.88%, 3, 0, 2, 40.30, 39254, 1439
945, 0, 8, 70, 70, 9, 2.88%, 3, 0, 2, 37.37, 39449, 1439
951, 0, 8, 70, 70, 9, 2.88%, 3, 0, 2, 41.39, 39694, 1439
956, 0, 8, 71, 71, 9, 2.89%, 3, 0, 2, 38.95, 39883, 1442
961, 0, 8, 71, 71, 9, 2.89%, 3, 0, 2, 40.76, 40090, 1442
966, 0, 8, 71, 71, 9, 2.89%, 3, 0, 2, 36.99, 40275, 1442
971, 0, 8, 71, 71, 9, 2.89%, 3, 0, 2, 38.11, 40472, 1442
976, 0, 8, 71, 71, 9, 2.89%, 3, 0, 2, 31.86, 40624, 1442
981, 0, 8, 71, 71, 9, 2.89%, 3, 0, 2, 55.68, 40965, 1442
986, 0, 8, 71, 71, 9, 2.89%, 3, 0, 2, 41.71, 41161, 1442
991, 0, 8, 71, 71, 9, 2.89%, 3, 0, 2, 37.31, 41342, 1442
996, 0, 8, 71, 71, 9, 2.89%, 3, 0, 2, 38.53, 41529, 1442
1001, 0, 8, 71, 71, 9, 2.89%, 3, 0, 2, 37.19, 41717, 1442
1006, 0, 8, 71, 71, 9, 2.89%, 3, 0, 2, 38.00, 41896, 1442
1012, 0, 8, 71, 71, 9, 2.89%, 3, 0, 2, 35.38, 42076, 1442
1017, 0, 8, 71, 71, 9, 2.89%, 3, 0, 2, 38.24, 42272, 1442
1022, 0, 8, 71, 71, 9, 2.89%, 3, 0, 2, 41.79, 42509, 1442
1027, 0, 8, 71, 71, 9, 2.89%, 3, 0, 2, 38.71, 42704, 1442
1032, 0, 8, 71, 71, 9, 2.89%, 3, 0, 2, 38.01, 42890, 1442
1037, 0, 8, 71, 71, 9, 2.89%, 3, 0, 2, 39.26, 43088, 1442
1042, 0, 8, 71, 71, 9, 2.89%, 3, 0, 2, 40.07, 43287, 1442
1047, 0, 8, 71, 71, 9, 2.89%, 3, 0, 2, 38.12, 43480, 1442
1052, 0, 8, 71, 71, 9, 2.89%, 3, 0, 2, 38.66, 43669, 1442
1058, 0, 8, 71, 71, 9, 2.89%, 3, 0, 2, 34.62, 43842, 1442
1063, 0, 8, 71, 71, 9, 2.89%, 3, 0, 2, 30.81, 43995, 1442
1068, 0, 8, 71, 71, 9, 2.89%, 3, 0, 2, 39.56, 44204, 1442
1073, 0, 8, 71, 71, 9, 2.89%, 3, 0, 2, 41.72, 44443, 1442
1078, 0, 8, 71, 71, 9, 2.89%, 3, 0, 2, 32.54, 44614, 1442
1083, 0, 8, 71, 71, 9, 2.89%, 3, 0, 2, 31.22, 44764, 1442
1088, 0, 8, 71, 71, 9, 2.89%, 3, 0, 2, 36.18, 44952, 1442
1093, 0, 8, 71, 71, 9, 2.89%, 3, 0, 2, 37.13, 45141, 1442
1099, 0, 8, 71, 71, 9, 2.89%, 3, 0, 2, 35.31, 45310, 1442
1104, 0, 8, 71, 71, 9, 2.89%, 3, 0, 2, 38.22, 45516, 1442
1109, 0, 8, 71, 71, 9, 2.89%, 3, 0, 2, 37.71, 45699, 1442
1114, 0, 8, 71, 71, 9, 2.89%, 3, 0, 2, 38.66, 45896, 1442
1119, 0, 8, 71, 71, 9, 2.89%, 3, 0, 2, 38.21, 46088, 1442
1124, 0, 8, 71, 71, 9, 2.89%, 3, 0, 2, 36.43, 46269, 1442
1129, 0, 8, 71, 71, 9, 2.89%, 3, 0, 2, 36.22, 46467, 1442
1134, 0, 8, 72, 72, 9, 2.89%, 3, 0, 2, 37.56, 46656, 1443
1139, 0, 8, 81, 81, 9, 2.91%, 3, 0, 2, 40.03, 46866, 1452
1145, 0, 8, 96, 96, 9, 2.93%, 13, 0, 2, 53.66, 47135, 1460
1150, 0, 8, 108, 108, 9, 2.95%, 18, 0, 2, 61.26, 47442, 1472
1155, 0, 8, 112, 112, 9, 2.95%, 21, 0, 2, 55.57, 47683, 1473
1160, 0, 8, 118, 118, 9, 2.96%, 24, 0, 2, 50.22, 47883, 1475
1166, 0, 8, 121, 121, 9, 2.96%, 26, 0, 2, 44.58, 48103, 1475
1171, 0, 8, 126, 126, 9, 2.96%, 28, 0, 2, 36.74, 48312, 1478
1176, 0, 8, 131, 131, 9, 2.96%, 28, 0, 2, 51.53, 48578, 1478
1181, 0, 8, 132, 132, 9, 2.96%, 29, 0, 2, 41.62, 48780, 1478
1186, 0, 8, 135, 135, 9, 2.99%, 29, 0, 2, 42.86, 48988, 1491
1191, 0, 8, 137, 137, 9, 2.99%, 29, 0, 2, 42.28, 49189, 1492
1196, 0, 8, 138, 138, 9, 2.99%, 31, 0, 2, 42.49, 49402, 1492
1202, 0, 8, 140, 140, 9, 2.99%, 32, 0, 2, 42.84, 49613, 1492
1207, 0, 8, 143, 143, 9, 2.99%, 32, 0, 2, 43.55, 49832, 1492
1212, 0, 8, 147, 147, 9, 2.99%, 33, 0, 2, 45.88, 50072, 1492
1217, 0, 8, 147, 147, 9, 2.99%, 33, 0, 2, 51.22, 50333, 1492
1222, 0, 8, 148, 148, 9, 2.99%, 34, 0, 2, 50.60, 50595, 1492
1227, 0, 8, 149, 149, 9, 2.99%, 36, 0, 2, 50.96, 50861, 1492
1232, 0, 8, 149, 149, 9, 2.99%, 36, 0, 2, 40.35, 51049, 1492
1237, 0, 8, 150, 150, 9, 2.99%, 36, 0, 2, 45.70, 51274, 1492
1242, 0, 8, 150, 150, 9, 2.99%, 36, 0, 2, 45.20, 51490, 1492
1247, 0, 8, 151, 151, 9, 2.99%, 37, 0, 2, 49.08, 51745, 1492
1253, 0, 8, 152, 152, 9, 2.99%, 37, 0, 2, 56.11, 52035, 1493
1258, 0, 8, 152, 152, 9, 2.99%, 37, 0, 2, 49.53, 52225, 1493
1263, 0, 8, 152, 152, 9, 2.99%, 37, 0, 2, 46.82, 52447, 1493
1268, 0, 8, 153, 153, 9, 2.99%, 37, 0, 2, 45.56, 52676, 1493
1273, 0, 8, 155, 155, 9, 2.99%, 38, 0, 2, 45.15, 52901, 1493
1278, 0, 8, 155, 155, 9, 2.99%, 39, 0, 2, 51.04, 53158, 1493
1283, 0, 8, 155, 155, 9, 2.99%, 39, 0, 2, 44.76, 53391, 1493
1288, 0, 8, 156, 156, 9, 2.99%, 39, 0, 2, 50.49, 53652, 1493
1293, 0, 8, 157, 157, 9, 2.99%, 40, 0, 2, 47.45, 53901, 1494
1298, 0, 8, 158, 158, 9, 3.00%, 41, 0, 2, 45.74, 54110, 1497
1303, 0, 8, 159, 159, 9, 3.02%, 43, 0, 2, 42.17, 54318, 1506
1309, 0, 8, 159, 159, 9, 3.02%, 44, 0, 2, 45.82, 54558, 1506
1314, 0, 8, 160, 160, 9, 3.02%, 44, 0, 2, 41.90, 54761, 1506
1319, 0, 8, 161, 161, 9, 3.02%, 44, 0, 2, 47.69, 55006, 1506
1324, 0, 8, 162, 162, 9, 3.02%, 44, 0, 2, 47.48, 55235, 1506
1329, 0, 8, 162, 162, 9, 3.02%, 44, 0, 2, 45.79, 55481, 1506
1334, 0, 8, 162, 162, 9, 3.02%, 45, 0, 2, 43.20, 55714, 1506
1339, 0, 8, 164, 164, 9, 3.02%, 45, 0, 2, 46.50, 55937, 1506
1344, 0, 8, 164, 164, 9, 3.02%, 45, 0, 2, 46.72, 56167, 1506
1349, 0, 8, 164, 164, 9, 3.02%, 45, 0, 2, 52.36, 56432, 1506
1354, 0, 8, 164, 164, 9, 3.02%, 45, 0, 2, 48.52, 56675, 1506
1359, 0, 8, 164, 164, 9, 3.02%, 45, 0, 2, 45.62, 56897, 1506
1365, 0, 8, 165, 165, 9, 3.02%, 45, 0, 2, 45.71, 57125, 1506
1370, 0, 8, 166, 166, 9, 3.02%, 45, 0, 2, 38.17, 57323, 1506
1375, 0, 8, 166, 166, 9, 3.02%, 45, 0, 2, 43.97, 57559, 1506
1380, 0, 8, 166, 166, 9, 3.02%, 45, 0, 2, 49.82, 57824, 1506
1385, 0, 8, 166, 166, 9, 3.02%, 45, 0, 2, 47.82, 58062, 1506
1390, 0, 8, 167, 167, 9, 3.02%, 45, 0, 2, 50.76, 58324, 1506
1395, 0, 8, 167, 167, 9, 3.02%, 46, 0, 2, 48.83, 58558, 1506
1401, 0, 8, 168, 168, 9, 3.02%, 46, 0, 2, 47.19, 58789, 1506
1406, 0, 8, 168, 168, 9, 3.02%, 46, 0, 2, 38.71, 58987, 1506
1411, 0, 8, 170, 170, 9, 3.02%, 46, 0, 2, 43.04, 59217, 1506
1416, 0, 8, 170, 170, 9, 3.02%, 47, 0, 2, 45.35, 59450, 1506
1421, 0, 8, 170, 170, 9, 3.02%, 47, 0, 2, 41.84, 59650, 1506
1426, 0, 8, 170, 170, 9, 3.02%, 47, 0, 2, 44.09, 59867, 1506
1431, 0, 8, 170, 170, 9, 3.02%, 47, 0, 2, 48.78, 60118, 1506
1437, 0, 8, 170, 170, 9, 3.02%, 47, 0, 2, 50.03, 60367, 1506
1442, 0, 8, 170, 170, 9, 3.02%, 47, 0, 2, 48.92, 60615, 1506
1447, 0, 8, 170, 170, 9, 3.02%, 48, 0, 2, 50.47, 60873, 1506
1452, 0, 8, 170, 170, 9, 3.02%, 48, 0, 2, 46.05, 61089, 1506
1457, 0, 8, 170, 170, 9, 3.02%, 48, 0, 2, 42.71, 61298, 1506
1462, 0, 8, 170, 170, 9, 3.02%, 48, 0, 2, 38.18, 61471, 1506
1467, 0, 8, 170, 170, 9, 3.02%, 48, 0, 2, 44.83, 61702, 1506
1472, 0, 8, 170, 170, 9, 3.02%, 48, 0, 2, 42.12, 61907, 1506
1477, 0, 8, 170, 170, 9, 3.02%, 49, 0, 2, 46.96, 62134, 1506
1482, 0, 8, 171, 171, 9, 3.02%, 49, 0, 2, 48.08, 62365, 1506
1487, 0, 8, 172, 172, 9, 3.02%, 49, 0, 2, 41.97, 62577, 1506
1493, 0, 8, 172, 172, 9, 3.02%, 49, 0, 2, 49.10, 62835, 1506
1498, 0, 8, 173, 173, 9, 3.02%, 49, 0, 2, 46.43, 63058, 1506
1503, 0, 8, 173, 173, 9, 3.02%, 49, 0, 2, 44.55, 63282, 1506
1508, 0, 8, 174, 174, 9, 3.02%, 49, 0, 2, 41.87, 63484, 1506
1513, 0, 8, 174, 174, 9, 3.02%, 49, 0, 2, 44.58, 63720, 1506
1518, 0, 8, 175, 175, 9, 3.02%, 49, 0, 2, 47.72, 63961, 1506
1523, 0, 8, 175, 175, 9, 3.02%, 49, 0, 2, 44.51, 64190, 1506
1529, 0, 8, 175, 175, 9, 3.02%, 49, 0, 2, 44.29, 64412, 1506
1534, 0, 8, 175, 175, 9, 3.02%, 49, 0, 2, 49.53, 64660, 1506
1539, 0, 8, 175, 175, 9, 3.02%, 49, 0, 2, 45.10, 64883, 1506
1544, 0, 8, 175, 175, 9, 3.02%, 49, 0, 2, 62.66, 65111, 1506
1549, 0, 8, 176, 176, 9, 3.02%, 49, 0, 2, 51.11, 65346, 1506
1554, 0, 8, 176, 176, 9, 3.02%, 49, 0, 2, 45.43, 65572, 1506
1559, 0, 8, 177, 177, 9, 3.02%, 49, 0, 2, 39.57, 65758, 1507
1564, 0, 8, 178, 178, 9, 3.02%, 49, 0, 2, 45.87, 65997, 1507
1569, 0, 8, 178, 178, 9, 3.02%, 49, 0, 2, 50.16, 66242, 1507
1574, 0, 8, 178, 178, 9, 3.02%, 49, 0, 2, 42.48, 66463, 1507
1579, 0, 8, 178, 178, 9, 3.02%, 49, 0, 2, 37.94, 66658, 1507
1584, 0, 8, 178, 178, 9, 3.02%, 49, 0, 2, 43.56, 66893, 1507
1590, 0, 8, 178, 178, 9, 3.02%, 49, 0, 2, 37.67, 67078, 1507
1595, 0, 8, 178, 178, 9, 3.02%, 49, 0, 2, 48.81, 67342, 1507
1600, 0, 8, 178, 178, 9, 3.02%, 49, 0, 2, 44.03, 67558, 1507
1605, 0, 8, 178, 178, 9, 3.02%, 49, 0, 2, 45.21, 67781, 1507
1610, 0, 8, 178, 178, 9, 3.02%, 50, 0, 2, 43.35, 68006, 1507
1615, 0, 8, 179, 179, 9, 3.02%, 50, 0, 2, 38.72, 68205, 1507
1620, 0, 8, 179, 179, 9, 3.02%, 50, 0, 2, 48.76, 68472, 1507
1625, 0, 8, 179, 179, 9, 3.02%, 50, 0, 2, 42.43, 68687, 1507
1630, 0, 8, 179, 179, 9, 3.02%, 50, 0, 2, 9.43, 68947, 1507
1636, 0, 8, 179, 179, 9, 3.02%, 50, 0, 2, 43.74, 69170, 1507
1641, 0, 8, 179, 179, 9, 3.02%, 50, 0, 2, 41.06, 69359, 1507
1646, 0, 8, 179, 179, 9, 3.02%, 50, 0, 2, 40.77, 69583, 1507
1651, 0, 8, 179, 179, 9, 3.02%, 51, 0, 2, 41.72, 69800, 1507
1656, 0, 8, 180, 180, 9, 3.02%, 51, 0, 2, 48.41, 70053, 1507
1661, 0, 8, 180, 180, 9, 3.02%, 51, 0, 2, 42.11, 70257, 1507
1666, 0, 8, 180, 180, 9, 3.02%, 51, 0, 2, 41.12, 70470, 1507
1671, 0, 8, 180, 180, 9, 3.02%, 51, 0, 2, 47.48, 70664, 1507
1676, 0, 8, 180, 180, 9, 3.02%, 51, 0, 2, 38.93, 70852, 1507
1682, 0, 8, 180, 180, 9, 3.02%, 51, 0, 2, 48.98, 71118, 1507
1687, 0, 8, 180, 180, 9, 3.02%, 51, 0, 2, 42.49, 71329, 1507
1692, 0, 8, 180, 180, 9, 3.02%, 51, 0, 2, 46.75, 71579, 1507
1697, 0, 8, 181, 181, 9, 3.02%, 51, 0, 2, 50.24, 71830, 1507
1702, 0, 8, 181, 181, 9, 3.02%, 51, 0, 2, 38.11, 72058, 1507
1707, 0, 8, 181, 181, 9, 3.02%, 51, 0, 2, 33.74, 72228, 1507
1712, 0, 8, 181, 181, 9, 3.02%, 51, 0, 2, 44.15, 72468, 1507
1717, 0, 8, 181, 181, 9, 3.02%, 51, 0, 2, 39.01, 72682, 1507
1723, 0, 8, 181, 181, 9, 3.02%, 51, 0, 2, 37.90, 72874, 1507
1728, 0, 8, 181, 181, 9, 3.02%, 51, 0, 2, 38.97, 73074, 1507
1733, 0, 8, 181, 181, 9, 3.02%, 51, 0, 2, 45.74, 73313, 1507
1738, 0, 8, 181, 181, 9, 3.02%, 51, 0, 2, 44.05, 73529, 1507
1743, 0, 8, 181, 181, 9, 3.02%, 51, 0, 2, 43.44, 73765, 1507
1748, 0, 8, 181, 181, 9, 3.02%, 51, 0, 2, 42.10, 73979, 1507
1753, 0, 8, 181, 181, 9, 3.02%, 51, 0, 2, 44.88, 74212, 1507
1758, 0, 8, 181, 181, 9, 3.02%, 51, 0, 2, 35.98, 74383, 1507
1764, 0, 8, 181, 181, 9, 3.02%, 51, 0, 2, 47.47, 74635, 1507
1769, 0, 8, 181, 181, 9, 3.02%, 51, 0, 2, 44.85, 74878, 1507
1774, 0, 8, 181, 181, 9, 3.02%, 51, 0, 2, 47.89, 75128, 1507
1779, 0, 8, 181, 181, 9, 3.02%, 51, 0, 2, 46.91, 75353, 1507
1784, 0, 8, 181, 181, 9, 3.02%, 51, 0, 2, 49.37, 75617, 1507
1789, 0, 8, 181, 181, 9, 3.02%, 51, 0, 2, 43.73, 75839, 1507
1794, 0, 8, 181, 181, 9, 3.02%, 51, 0, 2, 47.66, 76075, 1507
1800, 0, 8, 182, 182, 9, 3.02%, 51, 0, 2, 50.35, 76349, 1509
1805, 0, 8, 182, 182, 9, 3.02%, 51, 0, 2, 47.26, 76591, 1509
1810, 0, 8, 182, 182, 9, 3.02%, 51, 0, 2, 46.95, 76820, 1509
1815, 0, 8, 182, 182, 9, 3.02%, 52, 0, 2, 45.87, 77053, 1509
1821, 0, 8, 182, 182, 9, 3.02%, 52, 0, 2, 47.68, 77293, 1509
1826, 0, 8, 182, 182, 9, 3.02%, 52, 0, 2, 47.49, 77551, 1509
1831, 0, 8, 182, 182, 9, 3.02%, 52, 0, 2, 9.09, 77779, 1509
1836, 0, 8, 182, 182, 9, 3.02%, 52, 0, 2, 40.79, 78018, 1509
1841, 0, 8, 183, 183, 9, 3.02%, 52, 0, 2, 37.87, 78201, 1509
1846, 0, 8, 183, 183, 9, 3.02%, 52, 0, 2, 41.72, 78419, 1509
1851, 0, 8, 184, 184, 9, 3.02%, 52, 0, 2, 54.00, 78666, 1509
1856, 0, 8, 184, 184, 9, 3.02%, 52, 0, 2, 44.37, 78884, 1509
1862, 0, 8, 185, 185, 9, 3.02%, 52, 0, 2, 43.26, 79105, 1509
1867, 0, 8, 185, 185, 9, 3.02%, 52, 0, 2, 40.66, 79308, 1509
1872, 0, 8, 186, 186, 9, 3.02%, 52, 0, 2, 40.32, 79509, 1509
1877, 0, 8, 187, 187, 9, 3.02%, 52, 0, 2, 36.37, 79703, 1509
1882, 0, 8, 187, 187, 9, 3.02%, 52, 0, 2, 35.56, 79888, 1509
1887, 0, 8, 187, 187, 9, 3.02%, 52, 0, 2, 36.90, 80082, 1509
1892, 0, 8, 187, 187, 9, 3.02%, 52, 0, 2, 39.59, 80293, 1509
1898, 0, 8, 187, 187, 9, 3.02%, 52, 0, 2, 45.95, 80525, 1509
1903, 0, 8, 187, 187, 9, 3.02%, 52, 0, 2, 40.70, 80743, 1509
1908, 0, 8, 187, 187, 9, 3.02%, 52, 0, 2, 41.18, 80959, 1509
1913, 0, 8, 187, 187, 9, 3.02%, 52, 0, 2, 7.87, 81167, 1509
1918, 0, 8, 187, 187, 9, 3.02%, 52, 0, 2, 44.95, 81361, 1509
1923, 0, 8, 187, 187, 9, 3.02%, 52, 0, 2, 39.81, 81563, 1509
1928, 0, 8, 187, 187, 9, 3.02%, 52, 0, 2, 41.80, 81784, 1509
1933, 0, 8, 187, 187, 9, 3.02%, 52, 0, 2, 44.19, 82005, 1509
1939, 0, 8, 187, 187, 9, 3.02%, 52, 0, 2, 42.99, 82228, 1509
1944, 0, 8, 187, 187, 9, 3.02%, 52, 0, 2, 49.68, 82484, 1509
1949, 0, 8, 187, 187, 9, 3.02%, 52, 0, 2, 43.62, 82715, 1509
1954, 0, 8, 187, 187, 9, 3.02%, 52, 0, 2, 39.90, 82904, 1509
1959, 0, 8, 187, 187, 9, 3.02%, 52, 0, 2, 45.09, 83150, 1509
1964, 0, 8, 187, 187, 9, 3.02%, 52, 0, 2, 43.80, 83369, 1509
1969, 0, 8, 187, 187, 9, 3.02%, 52, 0, 2, 47.62, 83619, 1509
1974, 0, 8, 187, 187, 9, 3.02%, 52, 0, 2, 42.93, 83837, 1509
1979, 0, 8, 187, 187, 9, 3.02%, 52, 0, 2, 39.63, 84040, 1509
1985, 0, 8, 187, 187, 9, 3.02%, 52, 0, 2, 42.46, 84246, 1509
1990, 0, 8, 187, 187, 9, 3.02%, 52, 0, 2, 41.06, 84457, 1509
1995, 0, 8, 187, 187, 9, 3.02%, 52, 0, 2, 45.34, 84703, 1509
2000, 0, 8, 187, 187, 9, 3.02%, 52, 0, 2, 47.37, 84945, 1509
2005, 0, 8, 187, 187, 9, 3.02%, 52, 0, 2, 47.46, 85182, 1509
2010, 0, 8, 187, 187, 9, 3.02%, 52, 0, 2, 42.14, 85399, 1509
2015, 0, 8, 187, 187, 9, 3.02%, 52, 0, 2, 39.60, 85595, 1509
2020, 0, 8, 187, 187, 9, 3.02%, 52, 0, 2, 45.12, 85839, 1509
2025, 0, 8, 188, 188, 9, 3.02%, 53, 0, 2, 44.28, 86040, 1509
2031, 0, 8, 188, 188, 9, 3.02%, 53, 0, 2, 45.46, 86274, 1509
2036, 0, 8, 189, 189, 9, 3.02%, 53, 0, 2, 46.95, 86514, 1509
2041, 0, 8, 189, 189, 9, 3.02%, 53, 0, 2, 42.71, 86719, 1509
2046, 0, 8, 189, 189, 9, 3.02%, 53, 0, 2, 50.30, 86979, 1509
2051, 0, 8, 189, 189, 9, 3.02%, 53, 0, 2, 46.25, 87206, 1509
2056, 0, 8, 189, 189, 9, 3.02%, 53, 0, 2, 46.16, 87404, 1509
2061, 0, 8, 189, 189, 9, 3.02%, 53, 0, 2, 45.76, 87618, 1509
2066, 0, 8, 189, 189, 9, 3.02%, 53, 0, 2, 44.38, 87840, 1509
2071, 0, 8, 190, 190, 9, 3.02%, 53, 0, 2, 38.61, 88012, 1509
2076, 0, 8, 191, 191, 9, 3.02%, 53, 0, 2, 42.93, 88222, 1509
2081, 0, 8, 191, 191, 9, 3.02%, 53, 0, 2, 46.93, 88475, 1509
2086, 0, 8, 191, 191, 9, 3.02%, 54, 0, 2, 44.31, 88688, 1509
2092, 0, 8, 191, 191, 9, 3.02%, 54, 0, 2, 42.10, 88901, 1509
2097, 0, 8, 191, 191, 9, 3.02%, 54, 0, 2, 43.75, 89121, 1509
2102, 0, 8, 191, 191, 9, 3.02%, 54, 0, 2, 42.08, 89337, 1509
2107, 0, 8, 191, 191, 9, 3.02%, 54, 0, 2, 39.66, 89540, 1509
2112, 0, 8, 191, 191, 9, 3.02%, 54, 0, 2, 47.78, 89802, 1509
2117, 0, 8, 191, 191, 9, 3.02%, 54, 0, 2, 45.66, 90022, 1509
2122, 0, 8, 191, 191, 9, 3.02%, 54, 0, 2, 47.40, 90267, 1509
2127, 0, 8, 191, 191, 9, 3.02%, 54, 0, 2, 46.26, 90495, 1509
2133, 0, 8, 192, 192, 9, 3.02%, 54, 0, 2, 48.22, 90740, 1509
2138, 0, 8, 192, 192, 9, 3.02%, 54, 0, 2, 51.51, 90984, 1509
2143, 0, 8, 192, 192, 9, 3.02%, 54, 0, 2, 44.75, 91200, 1509
2148, 0, 8, 192, 192, 9, 3.02%, 55, 0, 2, 44.47, 91427, 1509
2153, 0, 8, 192, 192, 9, 3.02%, 55, 0, 2, 44.50, 91662, 1509
2158, 0, 8, 192, 192, 9, 3.02%, 55, 0, 2, 41.53, 91882, 1509
2163, 0, 8, 193, 193, 9, 3.02%, 55, 0, 2, 43.55, 92091, 1509
2168, 0, 8, 193, 193, 9, 3.02%, 55, 0, 2, 40.91, 92293, 1509
2174, 0, 8, 193, 193, 9, 3.02%, 55, 0, 2, 44.64, 92530, 1509
2179, 0, 8, 193, 193, 9, 3.02%, 55, 0, 2, 42.62, 92736, 1509
2184, 0, 8, 193, 193, 9, 3.02%, 55, 0, 2, 41.90, 92939, 1509
2189, 0, 8, 193, 193, 9, 3.02%, 55, 0, 2, 48.17, 93188, 1509
2194, 0, 8, 193, 193, 9, 3.02%, 55, 0, 2, 44.88, 93405, 1509
2199, 0, 8, 193, 193, 9, 3.02%, 55, 0, 2, 43.64, 93634, 1509
2204, 0, 8, 193, 193, 9, 3.02%, 55, 0, 2, 38.53, 93827, 1509
2209, 0, 8, 193, 193, 9, 3.02%, 55, 0, 2, 46.84, 94073, 1509
2214, 0, 8, 193, 193, 9, 3.02%, 55, 0, 2, 47.25, 94309, 1509
2219, 0, 8, 193, 193, 9, 3.02%, 55, 0, 2, 43.71, 94527, 1509
2224, 0, 8, 193, 193, 9, 3.02%, 55, 0, 2, 48.17, 94788, 1509
2230, 0, 8, 193, 193, 9, 3.02%, 55, 0, 2, 44.72, 95005, 1509
2235, 0, 8, 193, 193, 9, 3.02%, 55, 0, 2, 44.70, 95232, 1509
2240, 0, 8, 193, 193, 9, 3.02%, 55, 0, 2, 43.09, 95454, 1509
2245, 0, 8, 193, 193, 9, 3.02%, 55, 0, 2, 35.41, 95625, 1509
2250, 0, 8, 193, 193, 9, 3.02%, 55, 0, 2, 39.97, 95793, 1509
2255, 0, 8, 193, 193, 9, 3.02%, 55, 0, 2, 27.89, 95925, 1509
2260, 0, 8, 193, 193, 9, 3.02%, 55, 0, 2, 41.20, 96143, 1509
2265, 0, 8, 193, 193, 9, 3.02%, 55, 0, 2, 45.10, 96373, 1509
2271, 0, 8, 193, 193, 9, 3.02%, 56, 0, 2, 50.10, 96637, 1509
2276, 0, 8, 193, 193, 9, 3.02%, 57, 0, 2, 52.60, 96906, 1509
2281, 0, 8, 193, 193, 9, 3.02%, 57, 0, 2, 44.82, 97123, 1509
2286, 0, 8, 193, 193, 9, 3.02%, 57, 0, 2, 47.15, 97368, 1509
2291, 0, 8, 193, 193, 9, 3.02%, 57, 0, 2, 46.61, 97609, 1509
2296, 0, 8, 193, 193, 9, 3.02%, 57, 0, 2, 45.67, 97846, 1509
2301, 0, 8, 193, 193, 9, 3.02%, 57, 0, 2, 49.92, 98092, 1509
2306, 0, 8, 193, 193, 9, 3.02%, 57, 0, 2, 49.29, 98343, 1509
2311, 0, 8, 193, 193, 9, 3.02%, 57, 0, 2, 44.20, 98563, 1509
2316, 0, 8, 193, 193, 9, 3.02%, 57, 0, 2, 48.27, 98809, 1509
2321, 0, 8, 193, 193, 9, 3.02%, 57, 0, 2, 42.56, 99008, 1509
2327, 0, 8, 193, 193, 9, 3.02%, 57, 0, 2, 44.33, 99249, 1509
2332, 0, 8, 193, 193, 9, 3.02%, 57, 0, 2, 43.20, 99464, 1509
2337, 0, 8, 194, 194, 9, 3.02%, 57, 0, 2, 44.41, 99691, 1509
2342, 0, 8, 194, 194, 9, 3.02%, 57, 0, 2, 45.10, 99917, 1509
2347, 0, 8, 194, 194, 9, 3.02%, 57, 0, 2, 44.45, 100126, 1509
2352, 0, 8, 194, 194, 9, 3.02%, 57, 0, 2, 44.20, 100337, 1509
2357, 0, 8, 194, 194, 9, 3.02%, 57, 0, 2, 45.89, 100568, 1509
2363, 0, 8, 194, 194, 9, 3.02%, 57, 0, 2, 41.80, 100775, 1509
2368, 0, 8, 194, 194, 9, 3.02%, 57, 0, 2, 41.74, 100999, 1509
2373, 0, 8, 194, 194, 9, 3.02%, 57, 0, 2, 42.08, 101224, 1509
2378, 0, 8, 194, 194, 9, 3.02%, 57, 0, 2, 41.49, 101438, 1509
2383, 0, 8, 194, 194, 9, 3.02%, 57, 0, 2, 43.95, 101657, 1509
2388, 0, 8, 194, 194, 9, 3.02%, 58, 0, 2, 45.39, 101884, 1509
2393, 0, 8, 194, 194, 9, 3.02%, 58, 0, 2, 50.73, 102144, 1509
2398, 0, 8, 194, 194, 9, 3.02%, 58, 0, 2, 47.66, 102389, 1509
2404, 0, 8, 194, 194, 9, 3.02%, 58, 0, 2, 47.49, 102639, 1509
2409, 0, 8, 195, 195, 9, 3.02%, 58, 0, 2, 45.07, 102842, 1509
2414, 0, 8, 195, 195, 9, 3.02%, 58, 0, 2, 49.21, 103096, 1509
2419, 0, 8, 195, 195, 9, 3.02%, 58, 0, 2, 43.83, 103310, 1509
2424, 0, 8, 195, 195, 9, 3.02%, 58, 0, 2, 38.96, 103506, 1509
2429, 0, 8, 195, 195, 9, 3.02%, 58, 0, 2, 39.55, 103701, 1509
2434, 0, 8, 195, 195, 9, 3.02%, 58, 0, 2, 38.47, 103896, 1509
2439, 0, 8, 196, 196, 9, 3.02%, 58, 0, 2, 39.80, 104099, 1509
2444, 0, 8, 196, 196, 9, 3.02%, 59, 0, 2, 42.45, 104330, 1509
2449, 0, 8, 196, 196, 9, 3.02%, 59, 0, 2, 37.95, 104506, 1509
2455, 0, 8, 196, 196, 9, 3.02%, 59, 0, 2, 36.01, 104690, 1509
2460, 0, 8, 196, 196, 9, 3.02%, 59, 0, 2, 40.72, 104908, 1509
2465, 0, 8, 196, 196, 9, 3.02%, 59, 0, 2, 42.76, 105145, 1509
2470, 0, 8, 196, 196, 9, 3.02%, 59, 0, 2, 44.06, 105388, 1509
2475, 0, 8, 196, 196, 9, 3.02%, 59, 0, 2, 43.99, 105613, 1509
2480, 0, 8, 196, 196, 9, 3.02%, 59, 0, 2, 42.86, 105830, 1509
2486, 0, 8, 196, 196, 9, 3.02%, 59, 0, 2, 48.92, 106081, 1509
2491, 0, 8, 196, 196, 9, 3.02%, 59, 0, 2, 50.04, 106333, 1509
2496, 0, 8, 196, 196, 9, 3.02%, 59, 0, 2, 40.37, 106544, 1509
2501, 0, 8, 196, 196, 9, 3.02%, 59, 0, 2, 45.49, 106769, 1509
2506, 0, 8, 196, 196, 9, 3.02%, 59, 0, 2, 48.59, 107000, 1509
2511, 0, 8, 196, 196, 9, 3.02%, 59, 0, 2, 48.37, 107236, 1509
2516, 0, 8, 196, 196, 9, 3.02%, 59, 0, 2, 42.31, 107444, 1509
2521, 0, 8, 196, 196, 9, 3.02%, 59, 0, 2, 43.56, 107671, 1509
2527, 0, 8, 196, 196, 9, 3.02%, 59, 0, 2, 48.21, 107914, 1509
2532, 0, 8, 197, 197, 9, 3.02%, 59, 0, 2, 46.34, 108130, 1509
2537, 0, 8, 197, 197, 9, 3.02%, 59, 0, 2, 44.81, 108351, 1509
2542, 0, 8, 197, 197, 9, 3.02%, 59, 0, 2, 41.32, 108560, 1509
2547, 0, 8, 197, 197, 9, 3.02%, 59, 0, 2, 44.50, 108788, 1509
2552, 0, 8, 197, 197, 9, 3.02%, 59, 0, 2, 45.12, 109019, 1509
2557, 0, 8, 197, 197, 9, 3.02%, 59, 0, 2, 44.08, 109236, 1509
2562, 0, 8, 197, 197, 9, 3.02%, 59, 0, 2, 46.58, 109448, 1509
2567, 0, 8, 197, 197, 9, 3.02%, 59, 0, 2, 42.37, 109657, 1509
2573, 0, 8, 197, 197, 9, 3.02%, 59, 0, 2, 44.80, 109880, 1509
2578, 0, 8, 197, 197, 9, 3.02%, 59, 0, 2, 44.69, 110120, 1509
2583, 0, 8, 197, 197, 9, 3.02%, 60, 0, 2, 43.35, 110352, 1509
2588, 0, 8, 197, 197, 9, 3.02%, 60, 0, 2, 42.44, 110554, 1509
2593, 0, 8, 197, 197, 9, 3.02%, 60, 0, 2, 42.84, 110768, 1509
2598, 0, 8, 197, 197, 9, 3.02%, 60, 0, 2, 41.84, 110978, 1509
2603, 0, 8, 197, 197, 9, 3.02%, 60, 0, 2, 46.59, 111220, 1509
2608, 0, 8, 197, 197, 9, 3.02%, 60, 0, 2, 48.40, 111465, 1509
2614, 0, 8, 197, 197, 9, 3.02%, 60, 0, 2, 44.64, 111687, 1509
2619, 0, 8, 197, 197, 9, 3.02%, 60, 0, 2, 41.97, 111895, 1509
2624, 0, 8, 197, 197, 9, 3.02%, 60, 0, 2, 45.92, 112133, 1509
2629, 0, 8, 197, 197, 9, 3.02%, 60, 0, 2, 41.23, 112339, 1509
2634, 0, 8, 197, 197, 9, 3.02%, 60, 0, 2, 41.98, 112562, 1509
2639, 0, 8, 198, 198, 9, 3.02%, 60, 0, 2, 46.14, 112799, 1509
2644, 0, 8, 198, 198, 9, 3.02%, 60, 0, 2, 41.81, 113017, 1509
2650, 0, 8, 198, 198, 9, 3.02%, 60, 0, 2, 42.29, 113235, 1509
2655, 0, 8, 199, 199, 9, 3.02%, 60, 0, 2, 40.59, 113450, 1509
2660, 0, 8, 199, 199, 9, 3.02%, 60, 0, 2, 38.80, 113660, 1509
2665, 0, 8, 199, 199, 9, 3.02%, 60, 0, 2, 45.14, 113887, 1509
2670, 0, 8, 199, 199, 9, 3.02%, 60, 0, 2, 40.10, 114096, 1509
2675, 0, 8, 199, 199, 9, 3.02%, 60, 0, 2, 44.53, 114331, 1509
2681, 0, 8, 199, 199, 9, 3.02%, 60, 0, 2, 40.08, 114537, 1509
2686, 0, 8, 200, 200, 9, 3.03%, 60, 0, 2, 39.59, 114741, 1510
2691, 0, 8, 201, 201, 9, 3.03%, 60, 0, 2, 47.15, 114996, 1510
2696, 0, 8, 201, 201, 9, 3.03%, 60, 0, 2, 46.93, 115227, 1510
2701, 0, 8, 201, 201, 9, 3.03%, 60, 0, 2, 43.99, 115452, 1510
2706, 0, 8, 201, 201, 9, 3.03%, 60, 0, 2, 43.94, 115669, 1510
2711, 0, 8, 201, 201, 9, 3.03%, 60, 0, 2, 50.73, 115931, 1510
2716, 0, 8, 201, 201, 9, 3.03%, 60, 0, 2, 46.27, 116166, 1510
2721, 0, 8, 201, 201, 9, 3.03%, 60, 0, 2, 41.41, 116363, 1510
2726, 0, 8, 201, 201, 9, 3.03%, 60, 0, 2, 46.96, 116605, 1510
2731, 0, 8, 201, 201, 9, 3.03%, 60, 0, 2, 42.07, 116799, 1510
2737, 0, 8, 202, 202, 9, 3.03%, 60, 0, 2, 45.90, 117032, 1510
2742, 0, 8, 202, 202, 9, 3.03%, 60, 0, 2, 46.72, 117269, 1510
2747, 0, 8, 202, 202, 9, 3.03%, 60, 0, 2, 45.28, 117485, 1510
2752, 0, 8, 202, 202, 9, 3.03%, 60, 0, 2, 47.22, 117724, 1510
2757, 0, 8, 202, 202, 9, 3.03%, 60, 0, 2, 48.18, 117959, 1510
2762, 0, 8, 202, 202, 9, 3.03%, 60, 0, 2, 47.16, 118184, 1510
2767, 0, 8, 202, 202, 9, 3.03%, 60, 0, 2, 43.68, 118415, 1510
2772, 0, 8, 202, 202, 9, 3.03%, 60, 0, 2, 43.67, 118639, 1510
2777, 0, 8, 202, 202, 9, 3.03%, 60, 0, 2, 48.36, 118878, 1510
2783, 0, 8, 202, 202, 9, 3.03%, 60, 0, 2, 45.25, 119114, 1510
2788, 0, 8, 202, 202, 9, 3.03%, 60, 0, 2, 39.54, 119319, 1510
2793, 0, 8, 202, 202, 9, 3.03%, 60, 0, 2, 43.22, 119545, 1510
2798, 0, 8, 202, 202, 9, 3.03%, 60, 0, 2, 45.03, 119777, 1510
2803, 0, 8, 202, 202, 9, 3.03%, 60, 0, 2, 44.61, 119995, 1510
2808, 0, 8, 202, 202, 9, 3.03%, 60, 0, 2, 41.31, 120206, 1510
2813, 0, 8, 202, 202, 9, 3.03%, 60, 0, 2, 51.50, 120462, 1510
2819, 0, 8, 202, 202, 9, 3.03%, 60, 0, 2, 47.82, 120704, 1510
2824, 0, 8, 202, 202, 9, 3.03%, 61, 0, 2, 40.29, 120904, 1510
2829, 0, 8, 202, 202, 9, 3.03%, 61, 0, 2, 43.36, 121124, 1510
2834, 0, 8, 202, 202, 9, 3.03%, 61, 0, 2, 39.82, 121325, 1510
2839, 0, 8, 202, 202, 9, 3.03%, 61, 0, 2, 41.25, 121539, 1510
2844, 0, 8, 203, 203, 9, 3.03%, 61, 0, 2, 41.03, 121748, 1510
2849, 0, 8, 203, 203, 9, 3.03%, 61, 0, 2, 43.73, 121967, 1510
2854, 0, 8, 203, 203, 9, 3.03%, 61, 0, 2, 43.62, 122181, 1510
2859, 0, 8, 203, 203, 9, 3.03%, 61, 0, 2, 40.43, 122388, 1510
2864, 0, 8, 203, 203, 9, 3.03%, 61, 0, 2, 37.34, 122576, 1510
2869, 0, 8, 203, 203, 9, 3.03%, 61, 0, 2, 41.59, 122814, 1510
2875, 0, 8, 203, 203, 9, 3.03%, 61, 0, 2, 39.72, 123008, 1510
2880, 0, 8, 203, 203, 9, 3.03%, 61, 0, 2, 45.24, 123241, 1510
2885, 0, 8, 203, 203, 9, 3.03%, 61, 0, 2, 43.58, 123477, 1510
2890, 0, 8, 203, 203, 9, 3.03%, 61, 0, 2, 46.15, 123710, 1510
2895, 0, 8, 203, 203, 9, 3.03%, 61, 0, 2, 47.70, 123957, 1510
2900, 0, 8, 203, 203, 9, 3.03%, 61, 0, 2, 43.75, 124169, 1510
2905, 0, 8, 203, 203, 9, 3.03%, 61, 0, 2, 50.29, 124436, 1510
2910, 0, 8, 203, 203, 9, 3.03%, 61, 0, 2, 44.18, 124654, 1510
2915, 0, 8, 203, 203, 9, 3.03%, 61, 0, 2, 43.37, 124874, 1510
2920, 0, 8, 203, 203, 9, 3.03%, 61, 0, 2, 44.21, 125093, 1510
2926, 0, 8, 203, 203, 9, 3.03%, 61, 0, 2, 34.89, 125278, 1510
2931, 0, 8, 203, 203, 9, 3.03%, 61, 0, 2, 43.28, 125522, 1510
2936, 0, 8, 203, 203, 9, 3.03%, 61, 0, 2, 43.78, 125734, 1510
2941, 0, 8, 203, 203, 9, 3.03%, 61, 0, 2, 43.61, 125961, 1510
2946, 0, 8, 203, 203, 9, 3.03%, 61, 0, 2, 41.28, 126159, 1510
2951, 0, 8, 203, 203, 9, 3.03%, 61, 0, 2, 43.37, 126384, 1510
2957, 0, 8, 204, 204, 9, 3.03%, 61, 0, 2, 42.44, 126602, 1510
2962, 0, 8, 204, 204, 9, 3.03%, 61, 0, 2, 45.19, 126841, 1510
2967, 0, 8, 204, 204, 9, 3.03%, 61, 0, 2, 43.12, 127052, 1510
2972, 0, 8, 204, 204, 9, 3.03%, 61, 0, 2, 43.32, 127282, 1510
2977, 0, 8, 204, 204, 9, 3.03%, 61, 0, 2, 46.96, 127530, 1510
2982, 0, 8, 204, 204, 9, 3.03%, 61, 0, 2, 36.91, 127712, 1510
2987, 0, 8, 204, 204, 9, 3.03%, 61, 0, 2, 33.77, 127886, 1510
2992, 0, 8, 204, 204, 9, 3.03%, 61, 0, 2, 39.79, 128098, 1510
2998, 0, 8, 204, 204, 9, 3.03%, 61, 0, 2, 43.45, 128326, 1510
3003, 0, 8, 204, 204, 9, 3.03%, 61, 0, 2, 38.90, 128523, 1510
3008, 0, 8, 204, 204, 9, 3.03%, 61, 0, 2, 44.83, 128769, 1510
3013, 0, 8, 204, 204, 9, 3.03%, 61, 0, 2, 45.67, 128999, 1510
3018, 0, 8, 204, 204, 9, 3.03%, 61, 0, 2, 46.39, 129225, 1510
3023, 0, 8, 204, 204, 9, 3.03%, 61, 0, 2, 44.50, 129437, 1510
3028, 0, 8, 204, 204, 9, 3.03%, 61, 0, 2, 42.58, 129655, 1510
3033, 0, 8, 204, 204, 9, 3.03%, 61, 0, 2, 46.29, 129890, 1510
3038, 0, 8, 204, 204, 9, 3.03%, 61, 0, 2, 52.06, 130152, 1510
3043, 0, 8, 204, 204, 9, 3.03%, 61, 0, 2, 35.40, 130362, 1510
3048, 0, 8, 204, 204, 9, 3.03%, 61, 0, 2, 49.50, 130631, 1510
3054, 0, 8, 204, 204, 9, 3.03%, 61, 0, 2, 45.10, 130856, 1510
3059, 0, 8, 204, 204, 9, 3.03%, 61, 0, 2, 9.90, 131082, 1510
3064, 0, 8, 204, 204, 9, 3.03%, 61, 0, 2, 41.58, 131344, 1510
3069, 0, 8, 204, 204, 9, 3.03%, 61, 0, 2, 46.10, 131576, 1510
3074, 0, 8, 204, 204, 9, 3.03%, 61, 0, 2, 43.36, 131795, 1510
3079, 0, 8, 204, 204, 9, 3.03%, 61, 0, 2, 46.20, 132031, 1510
3084, 0, 8, 204, 204, 9, 3.03%, 61, 0, 2, 40.11, 132225, 1510
3089, 0, 8, 204, 204, 9, 3.03%, 61, 0, 2, 40.38, 132418, 1510
3094, 0, 8, 204, 204, 9, 3.03%, 61, 0, 2, 43.12, 132634, 1510
3100, 0, 8, 204, 204, 9, 3.03%, 61, 0, 2, 42.25, 132849, 1510
3105, 0, 8, 204, 204, 9, 3.03%, 61, 0, 2, 46.10, 133088, 1510
3110, 0, 8, 204, 204, 9, 3.03%, 61, 0, 2, 36.37, 133276, 1510
3115, 0, 8, 204, 204, 9, 3.03%, 61, 0, 2, 39.11, 133483, 1510
3120, 0, 8, 204, 204, 9, 3.03%, 61, 0, 2, 38.08, 133692, 1510
3125, 0, 8, 204, 204, 9, 3.03%, 61, 0, 2, 37.41, 133877, 1510
3130, 0, 8, 204, 204, 9, 3.03%, 61, 0, 2, 46.81, 134131, 1510
3135, 0, 8, 204, 204, 9, 3.03%, 61, 0, 2, 42.28, 134339, 1510
3141, 0, 8, 204, 204, 9, 3.03%, 61, 0, 2, 41.34, 134561, 1510
3146, 0, 8, 204, 204, 9, 3.03%, 61, 0, 2, 34.76, 134733, 1510
3151, 0, 8, 204, 204, 9, 3.03%, 61, 0, 2, 36.41, 134913, 1510
3156, 0, 8, 204, 204, 9, 3.03%, 61, 0, 2, 35.68, 135102, 1510
3161, 0, 8, 204, 204, 9, 3.03%, 61, 0, 2, 44.34, 135348, 1510
3166, 0, 8, 204, 204, 9, 3.03%, 61, 0, 2, 38.62, 135540, 1510
3171, 0, 8, 204, 204, 9, 3.03%, 61, 0, 2, 44.84, 135779, 1510
3177, 0, 8, 204, 204, 9, 3.03%, 61, 0, 2, 41.90, 135993, 1510
3182, 0, 8, 204, 204, 9, 3.03%, 61, 0, 2, 43.12, 136223, 1510
3187, 0, 8, 205, 205, 9, 3.03%, 61, 0, 2, 41.45, 136417, 1510
3192, 0, 8, 205, 205, 9, 3.03%, 61, 0, 2, 40.23, 136623, 1510
3197, 0, 8, 205, 205, 9, 3.03%, 61, 0, 2, 49.60, 136891, 1510
3202, 0, 8, 205, 205, 9, 3.03%, 61, 0, 2, 42.72, 137097, 1510
3207, 0, 8, 205, 205, 9, 3.03%, 61, 0, 2, 41.51, 137322, 1510
3212, 0, 8, 205, 205, 9, 3.03%, 61, 0, 2, 43.81, 137548, 1510
3217, 0, 8, 205, 205, 9, 3.03%, 61, 0, 2, 44.73, 137757, 1510
3223, 0, 8, 205, 205, 9, 3.03%, 61, 0, 2, 43.03, 137968, 1510
3228, 0, 8, 205, 205, 9, 3.03%, 61, 0, 2, 43.67, 138192, 1510
3233, 0, 8, 205, 205, 9, 3.03%, 61, 0, 2, 41.40, 138403, 1510
3238, 0, 8, 205, 205, 9, 3.03%, 61, 0, 2, 42.93, 138617, 1510
3243, 0, 8, 205, 205, 9, 3.03%, 61, 0, 2, 39.49, 138802, 1510
3248, 0, 8, 205, 205, 9, 3.03%, 61, 0, 2, 41.44, 139009, 1510
3253, 0, 8, 205, 205, 9, 3.03%, 61, 0, 2, 48.88, 139277, 1510
3258, 0, 8, 205, 205, 9, 3.03%, 61, 0, 2, 42.97, 139493, 1510
3263, 0, 8, 205, 205, 9, 3.03%, 61, 0, 2, 41.86, 139705, 1510
3268, 0, 8, 205, 205, 9, 3.03%, 61, 0, 2, 42.40, 139926, 1510
3274, 0, 8, 205, 205, 9, 3.03%, 61, 0, 2, 43.29, 140155, 1510
3279, 0, 8, 205, 205, 9, 3.03%, 61, 0, 2, 40.18, 140353, 1510
3284, 0, 8, 205, 205, 9, 3.03%, 61, 0, 2, 40.15, 140554, 1510
3289, 0, 8, 205, 205, 9, 3.03%, 61, 0, 2, 41.03, 140763, 1510
3294, 0, 8, 206, 206, 9, 3.03%, 61, 0, 2, 41.10, 140964, 1513
3299, 0, 8, 206, 206, 9, 3.03%, 61, 0, 2, 54.85, 141234, 1513
3304, 0, 8, 206, 206, 9, 3.03%, 61, 0, 2, 64.61, 141452, 1513
3309, 0, 8, 206, 206, 9, 3.03%, 61, 0, 2, 48.82, 141682, 1513
3315, 0, 8, 206, 206, 9, 3.03%, 61, 0, 2, 42.91, 141893, 1513
3320, 0, 8, 206, 206, 9, 3.03%, 61, 0, 2, 42.62, 142105, 1513
3325, 0, 8, 206, 206, 9, 3.03%, 61, 0, 2, 46.98, 142342, 1513
3330, 0, 8, 206, 206, 9, 3.03%, 61, 0, 2, 44.91, 142568, 1513
3335, 0, 8, 206, 206, 9, 3.03%, 61, 0, 2, 41.35, 142777, 1513
3340, 0, 8, 206, 206, 9, 3.03%, 61, 0, 2, 42.34, 142998, 1513
3345, 0, 8, 206, 206, 9, 3.03%, 61, 0, 2, 37.68, 143181, 1513
3351, 0, 8, 206, 206, 9, 3.03%, 61, 0, 2, 36.07, 143372, 1513
3356, 0, 8, 206, 206, 9, 3.03%, 61, 0, 2, 42.00, 143578, 1513
3361, 0, 8, 206, 206, 9, 3.03%, 61, 0, 2, 42.12, 143796, 1513
3366, 0, 8, 206, 206, 9, 3.03%, 61, 0, 2, 42.31, 143994, 1513
3371, 0, 8, 206, 206, 9, 3.03%, 61, 0, 2, 38.64, 144179, 1513
3376, 0, 8, 206, 206, 9, 3.03%, 61, 0, 2, 41.69, 144393, 1513
3381, 0, 8, 206, 206, 9, 3.03%, 61, 0, 2, 40.27, 144610, 1513
3386, 0, 8, 206, 206, 9, 3.03%, 61, 0, 2, 42.58, 144824, 1513
3392, 0, 8, 206, 206, 9, 3.03%, 61, 0, 2, 45.42, 145051, 1513
3397, 0, 8, 206, 206, 9, 3.03%, 61, 0, 2, 42.34, 145267, 1513
3402, 0, 8, 206, 206, 9, 3.03%, 61, 0, 2, 42.65, 145484, 1513
3407, 0, 8, 206, 206, 9, 3.03%, 61, 0, 2, 44.35, 145708, 1513
3412, 0, 8, 206, 206, 9, 3.03%, 61, 0, 2, 38.77, 145903, 1513
3417, 0, 8, 206, 206, 9, 3.03%, 61, 0, 2, 36.85, 146085, 1513
3422, 0, 8, 206, 206, 9, 3.03%, 61, 0, 2, 38.54, 146278, 1513
3427, 0, 8, 206, 206, 9, 3.03%, 61, 0, 2, 38.57, 146474, 1513
3432, 0, 8, 206, 206, 9, 3.03%, 62, 0, 2, 46.39, 146696, 1513
3437, 0, 8, 206, 206, 9, 3.03%, 62, 0, 2, 37.87, 146879, 1513
3443, 0, 8, 206, 206, 9, 3.03%, 62, 0, 2, 45.45, 147116, 1513
3448, 0, 8, 206, 206, 9, 3.03%, 62, 0, 2, 39.17, 147301, 1513
3453, 0, 8, 206, 206, 9, 3.03%, 62, 0, 2, 38.71, 147484, 1513
3458, 0, 8, 206, 206, 9, 3.03%, 62, 0, 2, 34.88, 147662, 1513
3463, 0, 8, 206, 206, 9, 3.03%, 62, 0, 2, 45.30, 147897, 1513
3468, 0, 8, 206, 206, 9, 3.03%, 62, 0, 2, 38.33, 148083, 1513
3473, 0, 8, 206, 206, 9, 3.03%, 62, 0, 2, 43.86, 148304, 1513
3478, 0, 8, 206, 206, 9, 3.03%, 62, 0, 2, 43.94, 148516, 1513
3483, 0, 8, 206, 206, 9, 3.03%, 62, 0, 2, 39.63, 148719, 1513
3489, 0, 8, 206, 206, 9, 3.03%, 62, 0, 2, 43.24, 148947, 1513
3494, 0, 8, 206, 206, 9, 3.03%, 62, 0, 2, 48.02, 149163, 1513
3499, 0, 8, 206, 206, 9, 3.03%, 62, 0, 2, 44.44, 149372, 1513
3504, 0, 8, 206, 206, 9, 3.03%, 62, 0, 2, 43.02, 149590, 1513
3509, 0, 8, 206, 206, 9, 3.03%, 62, 0, 2, 38.65, 149782, 1513
3514, 0, 8, 206, 206, 9, 3.03%, 62, 0, 2, 42.57, 150009, 1513
3519, 0, 8, 206, 206, 9, 3.03%, 62, 0, 2, 40.35, 150215, 1513
3525, 0, 8, 206, 206, 9, 3.03%, 62, 0, 2, 40.84, 150426, 1513
3530, 0, 8, 206, 206, 9, 3.03%, 62, 0, 2, 36.93, 150623, 1513
3535, 0, 8, 206, 206, 9, 3.03%, 62, 0, 2, 38.66, 150827, 1513
3540, 0, 8, 206, 206, 9, 3.03%, 62, 0, 2, 42.86, 151041, 1513
3545, 0, 8, 206, 206, 9, 3.03%, 62, 0, 2, 44.58, 151271, 1513
3550, 0, 8, 206, 206, 9, 3.03%, 62, 0, 2, 43.17, 151495, 1513
3555, 0, 8, 206, 206, 9, 3.03%, 62, 0, 2, 38.53, 151680, 1513
3561, 0, 8, 206, 206, 9, 3.03%, 62, 0, 2, 37.49, 151870, 1513
3566, 0, 8, 206, 206, 9, 3.03%, 62, 0, 2, 48.82, 152123, 1513
3571, 0, 8, 206, 206, 9, 3.03%, 62, 0, 2, 35.42, 152292, 1513
3576, 0, 8, 206, 206, 9, 3.03%, 62, 0, 2, 47.42, 152543, 1513
3581, 0, 8, 206, 206, 9, 3.03%, 62, 0, 2, 44.82, 152765, 1513
3586, 0, 8, 206, 206, 9, 3.03%, 62, 0, 2, 43.64, 152977, 1513
3591, 0, 8, 206, 206, 9, 3.03%, 62, 0, 2, 45.56, 153205, 1513
3597, 0, 8, 206, 206, 9, 3.03%, 62, 0, 2, 44.19, 153432, 1513
3602, 0, 8, 206, 206, 9, 3.03%, 62, 0, 2, 44.56, 153664, 1513
3607, 0, 8, 206, 206, 9, 3.03%, 62, 0, 2, 43.04, 153882, 1513
3612, 0, 8, 207, 207, 9, 3.03%, 62, 0, 2, 38.93, 154075, 1513
3617, 0, 8, 207, 207, 9, 3.03%, 63, 0, 2, 42.64, 154291, 1513
3622, 0, 8, 207, 207, 9, 3.03%, 63, 0, 2, 42.79, 154506, 1513
3627, 0, 8, 207, 207, 9, 3.03%, 63, 0, 2, 34.30, 154672, 1513
3632, 0, 8, 207, 207, 9, 3.03%, 63, 0, 2, 38.80, 154873, 1513
3637, 0, 8, 207, 207, 9, 3.03%, 63, 0, 2, 40.66, 155077, 1513
3643, 0, 8, 207, 207, 9, 3.03%, 63, 0, 2, 40.91, 155290, 1513
3648, 0, 8, 207, 207, 9, 3.03%, 63, 0, 2, 47.46, 155528, 1513
3653, 0, 8, 207, 207, 9, 3.03%, 63, 0, 2, 44.48, 155743, 1513
3658, 0, 8, 207, 207, 9, 3.03%, 63, 0, 2, 52.79, 156005, 1513
3663, 0, 8, 207, 207, 9, 3.03%, 63, 0, 2, 35.72, 156237, 1513
3668, 0, 8, 207, 207, 9, 3.03%, 63, 0, 2, 42.84, 156458, 1513
3673, 0, 8, 207, 207, 9, 3.03%, 63, 0, 2, 41.49, 156675, 1513
3678, 0, 8, 207, 207, 9, 3.03%, 63, 0, 2, 37.21, 156874, 1513
3683, 0, 8, 207, 207, 9, 3.03%, 63, 0, 2, 41.96, 157072, 1513
3689, 0, 8, 207, 207, 9, 3.03%, 63, 0, 2, 43.21, 157296, 1513
3694, 0, 8, 207, 207, 9, 3.03%, 63, 0, 2, 47.41, 157537, 1513
3699, 0, 8, 207, 207, 9, 3.03%, 63, 0, 2, 45.12, 157782, 1513
3704, 0, 8, 207, 207, 9, 3.03%, 63, 0, 2, 43.75, 158003, 1513
3709, 0, 8, 207, 207, 9, 3.03%, 63, 0, 2, 39.31, 158209, 1513
3714, 0, 8, 207, 207, 9, 3.03%, 63, 0, 2, 49.60, 158464, 1513
3719, 0, 8, 207, 207, 9, 3.03%, 63, 0, 2, 47.35, 158687, 1513
3724, 0, 8, 207, 207, 9, 3.03%, 63, 0, 2, 45.23, 158911, 1513
3730, 0, 8, 207, 207, 9, 3.03%, 63, 0, 2, 46.38, 159145, 1513
3735, 0, 8, 207, 207, 9, 3.03%, 63, 0, 2, 42.17, 159360, 1513
3740, 0, 8, 207, 207, 9, 3.03%, 63, 0, 2, 49.20, 159575, 1513
3745, 0, 8, 207, 207, 9, 3.03%, 63, 0, 2, 37.31, 159804, 1513
3750, 0, 8, 207, 207, 9, 3.03%, 63, 0, 2, 40.78, 160008, 1513
3755, 0, 8, 207, 207, 9, 3.03%, 64, 0, 2, 42.33, 160222, 1513
3761, 0, 8, 207, 207, 9, 3.03%, 64, 0, 2, 44.90, 160447, 1513
3766, 0, 8, 207, 207, 9, 3.03%, 64, 0, 2, 42.75, 160652, 1513
3771, 0, 8, 207, 207, 9, 3.03%, 64, 0, 2, 47.53, 160897, 1513
3776, 0, 8, 207, 207, 9, 3.03%, 64, 0, 2, 47.86, 161143, 1513
3781, 0, 8, 207, 207, 9, 3.03%, 64, 0, 2, 43.99, 161365, 1513
3786, 0, 8, 207, 207, 9, 3.03%, 64, 0, 2, 43.80, 161569, 1513
3791, 0, 8, 207, 207, 9, 3.03%, 64, 0, 2, 39.97, 161764, 1513
3796, 0, 8, 207, 207, 9, 3.03%, 64, 0, 2, 45.12, 161991, 1513
3801, 0, 8, 207, 207, 9, 3.03%, 64, 0, 2, 44.57, 162218, 1513
3806, 0, 8, 207, 207, 9, 3.03%, 64, 0, 2, 44.03, 162429, 1513
3811, 0, 8, 207, 207, 9, 3.03%, 64, 0, 2, 46.07, 162661, 1513
3816, 0, 8, 207, 207, 9, 3.03%, 64, 0, 2, 38.60, 162843, 1513
3822, 0, 8, 207, 207, 9, 3.03%, 64, 0, 2, 42.70, 163062, 1513
3827, 0, 8, 207, 207, 9, 3.03%, 64, 0, 2, 47.44, 163293, 1513
3832, 0, 8, 207, 207, 9, 3.03%, 64, 0, 2, 44.19, 163504, 1513
3837, 0, 8, 207, 207, 9, 3.03%, 64, 0, 2, 41.75, 163713, 1513
3842, 0, 8, 207, 207, 9, 3.03%, 64, 0, 2, 47.13, 163960, 1513
3847, 0, 8, 207, 207, 9, 3.03%, 64, 0, 2, 43.03, 164162, 1513
3852, 0, 8, 207, 207, 9, 3.03%, 64, 0, 2, 45.97, 164405, 1513
3857, 0, 8, 207, 207, 9, 3.03%, 64, 0, 2, 40.08, 164616, 1513
3863, 0, 8, 207, 207, 9, 3.03%, 64, 0, 2, 41.47, 164827, 1513
3868, 0, 8, 207, 207, 9, 3.03%, 64, 0, 2, 46.07, 165057, 1513
3873, 0, 8, 207, 207, 9, 3.03%, 64, 0, 2, 44.15, 165278, 1513
3878, 0, 8, 207, 207, 9, 3.03%, 64, 0, 2, 49.76, 165533, 1513
3883, 0, 8, 207, 207, 9, 3.03%, 64, 0, 2, 49.33, 165760, 1513
3888, 0, 8, 207, 207, 9, 3.03%, 64, 0, 2, 45.61, 165986, 1513
3893, 0, 8, 207, 207, 9, 3.03%, 64, 0, 2, 39.92, 166185, 1513
3898, 0, 8, 207, 207, 9, 3.03%, 64, 0, 2, 43.94, 166412, 1513
3903, 0, 8, 207, 207, 9, 3.03%, 64, 0, 2, 40.65, 166611, 1513
3909, 0, 8, 207, 207, 9, 3.03%, 64, 0, 2, 41.59, 166830, 1513
3914, 0, 8, 207, 207, 9, 3.03%, 64, 0, 2, 45.81, 167060, 1513
3919, 0, 8, 207, 207, 9, 3.03%, 64, 0, 2, 41.16, 167269, 1513
3924, 0, 8, 207, 207, 9, 3.03%, 64, 0, 2, 41.07, 167481, 1513
3929, 0, 8, 207, 207, 9, 3.03%, 64, 0, 2, 48.40, 167741, 1513
3934, 0, 8, 207, 207, 9, 3.03%, 64, 0, 2, 46.35, 167975, 1513
3939, 0, 8, 207, 207, 9, 3.03%, 64, 0, 2, 42.71, 168194, 1513
3944, 0, 8, 207, 207, 9, 3.03%, 64, 0, 2, 42.50, 168409, 1513
3950, 0, 8, 207, 207, 9, 3.03%, 64, 0, 2, 42.47, 168630, 1513
3955, 0, 8, 207, 207, 9, 3.03%, 64, 0, 2, 47.39, 168873, 1513
3960, 0, 8, 208, 208, 9, 3.03%, 64, 0, 2, 42.64, 169095, 1514
3965, 0, 8, 208, 208, 9, 3.03%, 64, 0, 2, 44.85, 169328, 1514
3970, 0, 8, 208, 208, 9, 3.03%, 64, 0, 2, 47.64, 169557, 1514
3975, 0, 8, 208, 208, 9, 3.03%, 64, 0, 2, 47.43, 169791, 1514
3980, 0, 8, 208, 208, 9, 3.03%, 64, 0, 2, 40.22, 169987, 1514
3985, 0, 8, 208, 208, 9, 3.03%, 64, 0, 2, 40.11, 170188, 1514
3990, 0, 8, 208, 208, 9, 3.03%, 64, 0, 2, 44.55, 170420, 1514
3995, 0, 8, 208, 208, 9, 3.03%, 64, 0, 2, 41.59, 170622, 1514
4000, 0, 8, 208, 208, 9, 3.03%, 64, 0, 2, 43.18, 170854, 1514
4005, 0, 8, 208, 208, 9, 3.03%, 64, 0, 2, 44.29, 171081, 1514
4010, 0, 8, 208, 208, 9, 3.03%, 64, 0, 2, 52.16, 171287, 1514
4015, 0, 8, 208, 208, 9, 3.03%, 64, 0, 2, 48.53, 171539, 1514
4020, 0, 8, 208, 208, 9, 3.03%, 64, 0, 2, 48.48, 171775, 1514
4026, 0, 8, 208, 208, 9, 3.03%, 64, 0, 2, 38.42, 171964, 1514
4031, 0, 8, 208, 208, 9, 3.03%, 64, 0, 2, 42.46, 172192, 1514
4036, 0, 8, 208, 208, 9, 3.03%, 64, 0, 2, 40.51, 172417, 1514
4041, 0, 8, 208, 208, 9, 3.03%, 64, 0, 2, 41.24, 172615, 1514
4046, 0, 8, 208, 208, 9, 3.03%, 64, 0, 2, 43.29, 172824, 1514
4051, 0, 8, 208, 208, 9, 3.03%, 64, 0, 2, 38.97, 173021, 1514
4056, 0, 8, 208, 208, 9, 3.03%, 64, 0, 2, 41.68, 173242, 1514
4061, 0, 8, 208, 208, 9, 3.03%, 64, 0, 2, 44.94, 173473, 1514
4066, 0, 8, 208, 208, 9, 3.03%, 64, 0, 2, 44.33, 173703, 1514
4072, 0, 8, 208, 208, 9, 3.03%, 64, 0, 2, 44.07, 173917, 1514
4077, 0, 8, 208, 208, 9, 3.03%, 64, 0, 2, 45.68, 174149, 1514
4082, 0, 8, 208, 208, 9, 3.03%, 64, 0, 2, 44.43, 174368, 1514
4087, 0, 8, 208, 208, 9, 3.03%, 64, 0, 2, 45.89, 174608, 1514
4092, 0, 8, 208, 208, 9, 3.03%, 64, 0, 2, 41.83, 174820, 1514
4097, 0, 8, 208, 208, 9, 3.03%, 64, 0, 2, 47.75, 175065, 1514
4102, 0, 8, 208, 208, 9, 3.03%, 64, 0, 2, 48.65, 175308, 1514
4107, 0, 8, 208, 208, 9, 3.03%, 64, 0, 2, 42.39, 175516, 1514
4112, 0, 8, 208, 208, 9, 3.03%, 64, 0, 2, 44.71, 175736, 1514
4117, 0, 8, 208, 208, 9, 3.03%, 64, 0, 2, 39.84, 175936, 1514
4122, 0, 8, 208, 208, 9, 3.03%, 64, 0, 2, 41.93, 176155, 1514
4128, 0, 8, 208, 208, 9, 3.03%, 64, 0, 2, 40.97, 176367, 1514
4133, 0, 8, 208, 208, 9, 3.03%, 64, 0, 2, 42.32, 176583, 1514
4138, 0, 8, 208, 208, 9, 3.03%, 64, 0, 2, 46.13, 176817, 1514
4143, 0, 8, 208, 208, 9, 3.03%, 64, 0, 2, 46.41, 177057, 1514
4148, 0, 8, 208, 208, 9, 3.03%, 64, 0, 2, 41.01, 177256, 1514
4153, 0, 8, 208, 208, 9, 3.03%, 64, 0, 2, 47.73, 177509, 1514
4158, 0, 8, 208, 208, 9, 3.03%, 64, 0, 2, 50.59, 177759, 1514
4163, 0, 8, 208, 208, 9, 3.03%, 64, 0, 2, 43.96, 177976, 1514
4168, 0, 8, 208, 208, 9, 3.03%, 64, 0, 2, 47.17, 178214, 1514
4174, 0, 8, 208, 208, 9, 3.03%, 64, 0, 2, 48.90, 178452, 1514
4179, 0, 8, 208, 208, 9, 3.03%, 64, 0, 2, 44.10, 178681, 1514
4184, 0, 8, 208, 208, 9, 3.03%, 64, 0, 2, 35.62, 178851, 1514
4189, 0, 8, 208, 208, 9, 3.03%, 64, 0, 2, 39.91, 179064, 1514
4194, 0, 8, 208, 208, 9, 3.03%, 64, 0, 2, 45.25, 179281, 1514
4199, 0, 8, 208, 208, 9, 3.03%, 64, 0, 2, 46.39, 179511, 1514
4204, 0, 8, 208, 208, 9, 3.03%, 64, 0, 2, 44.29, 179735, 1514
4210, 0, 8, 208, 208, 9, 3.03%, 64, 0, 2, 50.53, 179988, 1514
4215, 0, 8, 210, 209, 8, 3.04%, 64, 0, 2, 48.80, 180232, 1515
4220, 0, 8, 216, 215, 8, 3.05%, 64, 0, 2, 43.04, 180401, 1522
4226, 0, 8, 224, 223, 8, 3.05%, 64, 0, 2, 40.12, 180605, 1522
4232, 0, 8, 232, 231, 8, 3.05%, 64, 0, 2, 39.29, 180791, 1522
4237, 0, 8, 239, 238, 8, 3.05%, 64, 0, 2, 36.29, 180951, 1523
4242, 0, 173, 248, 247, 48, 3.05%, 64, 0, 3, 52.67, 181201, 1523
4247, 0, 205, 248, 246, 47, 3.05%, 65, 0, 3, 53.58, 181504, 1523
4252, 0, 205, 248, 246, 47, 3.05%, 65, 0, 3, 36.13, 181673, 1523
4258, 0, 205, 248, 246, 47, 3.05%, 65, 0, 3, 33.08, 181836, 1523
4263, 0, 205, 248, 246, 47, 3.05%, 65, 0, 3, 32.54, 181996, 1523
4268, 0, 205, 248, 246, 47, 3.05%, 65, 0, 3, 29.74, 182138, 1523
4273, 0, 205, 248, 246, 47, 3.05%, 65, 0, 3, 33.47, 182283, 1523
4278, 0, 205, 249, 247, 47, 3.05%, 65, 0, 3, 34.30, 182453, 1523
4283, 0, 205, 249, 247, 47, 3.05%, 65, 0, 3, 30.79, 182610, 1523
4288, 0, 205, 249, 247, 47, 3.05%, 65, 0, 3, 36.36, 182809, 1523
4293, 0, 205, 249, 247, 47, 3.05%, 65, 0, 3, 29.70, 182954, 1523
4298, 0, 205, 249, 247, 47, 3.05%, 65, 0, 3, 34.04, 183084, 1523
4304, 0, 205, 250, 248, 47, 3.05%, 65, 0, 3, 28.90, 183234, 1523
4309, 0, 205, 250, 248, 47, 3.05%, 65, 0, 3, 27.38, 183367, 1523
4314, 0, 205, 250, 248, 47, 3.05%, 65, 0, 3, 28.70, 183521, 1523
4319, 0, 205, 250, 248, 47, 3.05%, 65, 0, 3, 43.45, 183755, 1523
4324, 0, 205, 250, 248, 47, 3.05%, 65, 0, 3, 35.09, 183908, 1523
4329, 0, 205, 250, 248, 47, 3.05%, 65, 0, 3, 28.35, 184044, 1523
4335, 0, 205, 250, 248, 47, 3.05%, 65, 0, 3, 29.19, 184196, 1523
4340, 0, 205, 250, 248, 47, 3.05%, 65, 0, 3, 28.36, 184344, 1523
4345, 0, 205, 250, 248, 47, 3.05%, 65, 0, 3, 30.63, 184502, 1523
4350, 0, 205, 250, 248, 47, 3.05%, 65, 0, 3, 29.03, 184648, 1523
4355, 0, 205, 250, 248, 47, 3.05%, 65, 0, 3, 28.76, 184791, 1523
4360, 0, 205, 250, 248, 47, 3.05%, 65, 0, 3, 27.92, 184923, 1523
4365, 0, 205, 250, 248, 47, 3.05%, 65, 0, 3, 42.00, 185166, 1523
4371, 0, 205, 250, 248, 47, 3.05%, 65, 0, 3, 20.31, 185297, 1523
4376, 0, 205, 250, 248, 47, 3.05%, 65, 0, 3, 34.43, 185477, 1523
4381, 0, 205, 250, 248, 47, 3.05%, 65, 0, 3, 31.48, 185637, 1523
4386, 0, 205, 250, 248, 47, 3.05%, 65, 0, 3, 30.18, 185785, 1523
4391, 0, 205, 250, 248, 47, 3.05%, 65, 0, 3, 44.94, 186010, 1523
4396, 0, 205, 250, 248, 47, 3.05%, 65, 0, 3, 34.52, 186172, 1523
4401, 0, 205, 250, 248, 47, 3.05%, 65, 0, 3, 28.44, 186305, 1523
4406, 0, 205, 250, 248, 47, 3.05%, 65, 0, 3, 26.11, 186435, 1523
4412, 0, 205, 250, 248, 47, 3.05%, 65, 0, 3, 31.11, 186601, 1523
4417, 0, 205, 250, 248, 47, 3.05%, 65, 0, 3, 30.54, 186749, 1523
4422, 0, 205, 250, 248, 47, 3.05%, 65, 0, 3, 30.49, 186909, 1523
4427, 0, 205, 250, 248, 47, 3.05%, 65, 0, 3, 32.03, 187062, 1523
4432, 0, 205, 250, 248, 47, 3.05%, 65, 0, 3, 31.42, 187219, 1523
4437, 0, 205, 250, 248, 47, 3.05%, 65, 0, 3, 42.00, 187456, 1523
4442, 0, 205, 250, 248, 47, 3.05%, 65, 0, 3, 31.52, 187608, 1523
4447, 0, 205, 250, 248, 47, 3.05%, 65, 0, 3, 24.91, 187734, 1523
4452, 0, 205, 250, 248, 47, 3.05%, 65, 0, 3, 26.73, 187872, 1523
4457, 0, 205, 250, 248, 47, 3.05%, 65, 0, 3, 30.91, 188030, 1523
4463, 0, 205, 250, 248, 47, 3.05%, 65, 0, 3, 37.75, 188216, 1523
4468, 0, 205, 250, 248, 47, 3.05%, 65, 0, 3, 36.31, 188423, 1523
4473, 0, 205, 250, 248, 47, 3.05%, 65, 0, 3, 32.15, 188595, 1523
4478, 0, 205, 250, 248, 47, 3.05%, 65, 0, 3, 32.86, 188772, 1523
4483, 0, 205, 250, 248, 47, 3.05%, 65, 0, 3, 34.28, 188950, 1523
4488, 0, 205, 250, 248, 47, 3.05%, 65, 0, 3, 35.02, 189129, 1523
4493, 0, 205, 250, 248, 47, 3.05%, 65, 0, 3, 35.58, 189300, 1523
4498, 0, 205, 250, 248, 47, 3.05%, 65, 0, 3, 33.49, 189476, 1523
4504, 0, 205, 250, 248, 47, 3.05%, 65, 0, 3, 32.03, 189641, 1523
4509, 0, 205, 250, 248, 47, 3.05%, 65, 0, 3, 27.43, 189779, 1523
4514, 0, 205, 250, 248, 47, 3.05%, 65, 0, 3, 30.00, 189942, 1523
4519, 0, 205, 250, 248, 47, 3.05%, 65, 0, 3, 32.23, 190114, 1523
4524, 0, 205, 250, 248, 47, 3.05%, 65, 0, 3, 30.68, 190260, 1523
4529, 0, 205, 250, 248, 47, 3.05%, 65, 0, 3, 31.45, 190424, 1523
4534, 0, 205, 250, 248, 47, 3.05%, 65, 0, 3, 28.39, 190557, 1523
4539, 0, 205, 250, 248, 47, 3.05%, 65, 0, 3, 30.25, 190711, 1523
4544, 0, 205, 250, 248, 47, 3.05%, 65, 0, 3, 26.73, 190842, 1523
4550, 0, 205, 250, 248, 47, 3.05%, 65, 0, 3, 25.91, 190973, 1523
4555, 0, 205, 250, 248, 47, 3.05%, 65, 0, 3, 29.94, 191129, 1523
4560, 0, 205, 250, 248, 47, 3.05%, 65, 0, 3, 28.50, 191276, 1523
4565, 0, 205, 250, 248, 47, 3.05%, 65, 0, 3, 29.61, 191431, 1523
4570, 0, 205, 250, 248, 47, 3.05%, 65, 0, 3, 29.33, 191577, 1523
4575, 0, 205, 250, 248, 47, 3.05%, 65, 0, 3, 30.37, 191732, 1523
4580, 0, 205, 250, 248, 47, 3.05%, 65, 0, 3, 27.40, 191860, 1523
4585, 0, 205, 250, 248, 47, 3.05%, 65, 0, 3, 29.82, 192020, 1523
4590, 0, 205, 250, 248, 47, 3.05%, 65, 0, 3, 30.86, 192172, 1523
4595, 0, 205, 250, 248, 47, 3.05%, 65, 0, 3, 30.39, 192327, 1523
4601, 0, 205, 250, 248, 47, 3.05%, 65, 0, 3, 28.83, 192478, 1523
4606, 0, 205, 250, 248, 47, 3.05%, 65, 0, 3, 27.36, 192597, 1523
4611, 0, 205, 250, 248, 47, 3.05%, 65, 0, 3, 31.22, 192760, 1523
4616, 0, 205, 250, 248, 47, 3.05%, 65, 0, 3, 31.95, 192930, 1523
4621, 0, 205, 250, 248, 47, 3.05%, 65, 0, 3, 33.00, 193094, 1523
4626, 0, 205, 250, 248, 47, 3.05%, 65, 0, 3, 63.90, 193380, 1523
4631, 0, 205, 250, 248, 47, 3.05%, 65, 0, 3, 36.71, 193535, 1523
4636, 0, 205, 250, 248, 47, 3.05%, 65, 0, 3, 30.47, 193684, 1523
4641, 0, 205, 250, 248, 47, 3.05%, 65, 0, 3, 26.97, 193822, 1523
4647, 0, 205, 250, 248, 47, 3.05%, 65, 0, 3, 30.39, 193978, 1523
4652, 0, 205, 250, 248, 47, 3.05%, 65, 0, 3, 29.31, 194130, 1523
4657, 0, 205, 250, 248, 47, 3.05%, 65, 0, 3, 31.42, 194287, 1523
4662, 0, 205, 250, 248, 47, 3.05%, 65, 0, 3, 32.62, 194456, 1523
4667, 0, 205, 250, 248, 47, 3.05%, 65, 0, 3, 29.90, 194602, 1523
4672, 0, 205, 250, 248, 47, 3.05%, 65, 0, 3, 28.49, 194742, 1523
4677, 0, 205, 250, 248, 47, 3.05%, 65, 0, 3, 30.10, 194891, 1523
4682, 0, 205, 250, 248, 47, 3.05%, 65, 0, 3, 32.60, 195060, 1523
4688, 0, 205, 250, 248, 47, 3.05%, 65, 0, 3, 33.31, 195229, 1523
4693, 0, 205, 250, 248, 47, 3.05%, 65, 0, 3, 33.51, 195404, 1523
4698, 0, 205, 250, 248, 47, 3.05%, 65, 0, 3, 32.42, 195568, 1523
4703, 0, 205, 250, 248, 47, 3.05%, 65, 0, 3, 29.77, 195716, 1523
4708, 0, 205, 250, 248, 47, 3.05%, 65, 0, 3, 30.48, 195864, 1523
4713, 0, 205, 250, 248, 47, 3.05%, 65, 0, 3, 26.94, 196006, 1523
4718, 0, 205, 250, 248, 47, 3.05%, 65, 0, 3, 26.89, 196147, 1523
4724, 0, 205, 250, 248, 47, 3.05%, 65, 0, 3, 26.71, 196282, 1523
4729, 0, 205, 250, 248, 47, 3.05%, 65, 0, 3, 27.97, 196434, 1523
4734, 0, 205, 250, 248, 47, 3.05%, 65, 0, 3, 47.27, 196648, 1523
4739, 0, 205, 250, 248, 47, 3.05%, 65, 0, 3, 79.40, 197108, 1523
4744, 0, 205, 250, 248, 47, 3.05%, 65, 0, 3, 12.32, 197418, 1523
4749, 0, 205, 250, 248, 47, 3.05%, 65, 0, 3, 24.09, 197558, 1523
4754, 0, 205, 250, 248, 47, 3.05%, 65, 0, 3, 25.98, 197694, 1523
4759, 0, 205, 250, 248, 47, 3.05%, 65, 0, 3, 29.13, 197844, 1523
4764, 0, 205, 250, 248, 47, 3.05%, 65, 0, 3, 29.96, 197990, 1523
4769, 0, 205, 250, 248, 47, 3.05%, 65, 0, 3, 30.88, 198149, 1523
4774, 0, 205, 250, 248, 47, 3.05%, 65, 0, 3, 29.65, 198300, 1523
4779, 0, 205, 250, 248, 47, 3.05%, 65, 0, 3, 29.09, 198446, 1523
4784, 0, 205, 250, 248, 47, 3.05%, 65, 0, 3, 30.97, 198598, 1523
4790, 0, 205, 250, 248, 47, 3.05%, 65, 0, 3, 29.56, 198737, 1523
4795, 0, 205, 250, 248, 47, 3.05%, 65, 0, 3, 30.69, 198893, 1523
4800, 0, 205, 250, 248, 47, 3.05%, 65, 0, 3, 28.65, 199035, 1523
4805, 0, 205, 250, 248, 47, 3.05%, 65, 0, 3, 27.99, 199170, 1523
4810, 0, 205, 250, 248, 47, 3.05%, 65, 0, 3, 27.52, 199311, 1523
4815, 0, 205, 250, 248, 47, 3.05%, 65, 0, 3, 29.16, 199459, 1523
4820, 0, 205, 250, 248, 47, 3.05%, 65, 0, 3, 28.47, 199615, 1523
4826, 0, 205, 250, 248, 47, 3.05%, 65, 0, 3, 38.83, 199803, 1523
4831, 0, 205, 250, 248, 47, 3.05%, 65, 0, 3, 36.56, 200033, 1523
4836, 0, 205, 250, 248, 47, 3.05%, 65, 0, 3, 31.08, 200180, 1523
4841, 0, 205, 250, 248, 47, 3.05%, 65, 0, 3, 29.97, 200327, 1523
4846, 0, 205, 250, 248, 47, 3.05%, 65, 0, 3, 28.14, 200475, 1523
4851, 0, 205, 250, 248, 47, 3.05%, 65, 0, 3, 26.92, 200613, 1523
4856, 0, 205, 251, 249, 47, 3.06%, 65, 0, 3, 29.37, 200770, 1529
4861, 0, 205, 251, 249, 47, 3.06%, 65, 0, 3, 29.69, 200925, 1529
4867, 0, 205, 251, 249, 47, 3.06%, 65, 0, 3, 29.92, 201073, 1529
4872, 0, 205, 251, 249, 47, 3.06%, 65, 0, 3, 29.56, 201234, 1529
4877, 0, 205, 251, 249, 47, 3.06%, 65, 0, 3, 31.81, 201395, 1529
4882, 0, 205, 251, 249, 47, 3.06%, 65, 0, 3, 27.36, 201531, 1529
4887, 0, 205, 251, 249, 47, 3.06%, 65, 0, 3, 27.47, 201668, 1529
4892, 0, 205, 251, 249, 47, 3.06%, 65, 0, 3, 25.38, 201796, 1529
4897, 0, 205, 251, 249, 47, 3.06%, 65, 0, 3, 26.66, 201940, 1529
4903, 0, 205, 251, 249, 47, 3.06%, 65, 0, 3, 27.86, 202084, 1529
4908, 0, 205, 251, 249, 47, 3.06%, 65, 0, 3, 30.34, 202234, 1529
4913, 0, 205, 251, 249, 47, 3.06%, 65, 0, 3, 21.51, 202375, 1529
4918, 0, 205, 251, 249, 47, 3.06%, 65, 0, 3, 28.79, 202524, 1529
4923, 0, 205, 251, 249, 47, 3.06%, 65, 0, 3, 31.00, 202681, 1529
4928, 0, 205, 251, 249, 47, 3.06%, 65, 0, 3, 31.08, 202833, 1529
4933, 0, 205, 251, 249, 47, 3.06%, 65, 0, 3, 80.40, 203281, 1529
4938, 0, 205, 251, 249, 47, 3.06%, 65, 0, 3, 69.75, 203694, 1529
4943, 0, 205, 251, 249, 47, 3.06%, 65, 0, 3, 22.86, 203831, 1529
4948, 0, 205, 251, 249, 47, 3.06%, 65, 0, 3, 31.82, 204009, 1529
4953, 0, 205, 251, 249, 47, 3.06%, 65, 0, 3, 30.17, 204159, 1529
4958, 0, 205, 251, 249, 47, 3.06%, 65, 0, 3, 29.32, 204302, 1529
4964, 0, 205, 251, 249, 47, 3.06%, 65, 0, 3, 32.06, 204464, 1529
4969, 0, 205, 251, 249, 47, 3.06%, 65, 0, 3, 27.46, 204595, 1529
4974, 0, 205, 251, 249, 47, 3.06%, 65, 0, 3, 51.86, 204868, 1529
4979, 0, 205, 251, 249, 47, 3.06%, 65, 0, 3, 33.14, 205010, 1529
4984, 0, 205, 252, 250, 47, 3.06%, 65, 0, 3, 33.10, 205176, 1529
4989, 0, 205, 252, 250, 47, 3.06%, 65, 0, 3, 29.70, 205329, 1529
4994, 0, 205, 252, 250, 47, 3.06%, 65, 0, 3, 28.77, 205464, 1529
4999, 0, 205, 252, 250, 47, 3.06%, 65, 0, 3, 28.63, 205600, 1529
5005, 0, 205, 252, 250, 47, 3.06%, 65, 0, 3, 37.48, 205830, 1529
5010, 0, 205, 252, 250, 47, 3.06%, 65, 0, 3, 33.62, 205984, 1529
5015, 0, 205, 252, 250, 47, 3.06%, 65, 0, 3, 28.80, 206130, 1529
5020, 0, 205, 252, 250, 47, 3.06%, 65, 0, 3, 39.55, 206318, 1529
5025, 0, 205, 252, 250, 47, 3.06%, 65, 0, 3, 26.54, 206552, 1529
5030, 0, 205, 252, 250, 47, 3.06%, 65, 0, 3, 30.61, 206707, 1529
5035, 0, 205, 252, 250, 47, 3.06%, 65, 0, 3, 34.31, 206881, 1529
5040, 0, 205, 252, 250, 47, 3.06%, 65, 0, 3, 28.53, 207016, 1529
5045, 0, 205, 252, 250, 47, 3.06%, 65, 0, 3, 24.97, 207143, 1529
5051, 0, 205, 252, 250, 47, 3.06%, 65, 0, 3, 23.62, 207265, 1529
5056, 0, 205, 252, 250, 47, 3.06%, 65, 0, 3, 27.21, 207411, 1529
5061, 0, 205, 252, 250, 47, 3.06%, 65, 0, 3, 31.60, 207580, 1529
5066, 0, 205, 252, 250, 47, 3.06%, 65, 0, 3, 28.50, 207716, 1529
5071, 0, 205, 252, 250, 47, 3.06%, 65, 0, 3, 34.28, 207903, 1529
5076, 0, 205, 252, 250, 47, 3.06%, 65, 0, 3, 32.57, 208052, 1529
5081, 0, 205, 252, 250, 47, 3.06%, 65, 0, 3, 30.55, 208207, 1529
5086, 0, 205, 252, 250, 47, 3.06%, 65, 0, 3, 40.13, 208403, 1529
5092, 0, 205, 252, 250, 47, 3.06%, 65, 0, 3, 31.15, 208560, 1529
5097, 0, 205, 252, 250, 47, 3.06%, 65, 0, 3, 30.65, 208707, 1529
5102, 0, 205, 252, 250, 47, 3.06%, 65, 0, 3, 31.17, 208866, 1529
5107, 0, 205, 252, 250, 47, 3.06%, 65, 0, 3, 31.49, 209019, 1529
5112, 0, 205, 252, 250, 47, 3.06%, 65, 0, 3, 25.40, 209175, 1529
5117, 0, 205, 252, 250, 47, 3.06%, 65, 0, 3, 25.32, 209302, 1529
5122, 0, 205, 252, 250, 47, 3.06%, 65, 0, 3, 26.69, 209441, 1529
5127, 0, 205, 252, 250, 47, 3.06%, 65, 0, 3, 30.60, 209585, 1529
5132, 0, 205, 252, 250, 47, 3.06%, 65, 0, 3, 30.77, 209737, 1529
5137, 0, 205, 252, 250, 47, 3.06%, 65, 0, 3, 30.17, 209884, 1529
5142, 0, 205, 252, 250, 47, 3.06%, 65, 0, 3, 29.97, 210038, 1529
5147, 0, 205, 252, 250, 47, 3.06%, 65, 0, 3, 31.30, 210194, 1529
5153, 0, 205, 252, 250, 47, 3.06%, 65, 0, 3, 33.46, 210369, 1529
5158, 0, 205, 252, 250, 47, 3.06%, 65, 0, 3, 37.92, 210570, 1529
5163, 0, 205, 252, 250, 47, 3.06%, 65, 0, 3, 34.72, 210734, 1529
5168, 0, 205, 252, 250, 47, 3.06%, 65, 0, 3, 31.68, 210884, 1529
5173, 0, 205, 252, 250, 47, 3.06%, 65, 0, 3, 28.74, 211023, 1529
5178, 0, 205, 252, 250, 47, 3.06%, 65, 0, 3, 29.29, 211171, 1529
5183, 0, 205, 252, 250, 47, 3.06%, 65, 0, 3, 33.47, 211342, 1529
5188, 0, 205, 252, 250, 47, 3.06%, 65, 0, 3, 26.51, 211471, 1529
5193, 0, 205, 252, 250, 47, 3.06%, 65, 0, 3, 26.98, 211610, 1529
5199, 0, 205, 252, 250, 47, 3.06%, 65, 0, 3, 29.72, 211766, 1529
5204, 0, 205, 252, 250, 47, 3.06%, 65, 0, 3, 28.03, 211904, 1529
5209, 0, 205, 252, 250, 47, 3.06%, 65, 0, 3, 31.08, 212057, 1529
5214, 0, 205, 252, 250, 47, 3.06%, 65, 0, 3, 71.01, 212493, 1529
5219, 0, 205, 252, 250, 47, 3.06%, 65, 0, 3, 39.42, 212644, 1529
5224, 0, 205, 252, 250, 47, 3.06%, 65, 0, 3, 32.10, 212795, 1529
5229, 0, 205, 252, 250, 47, 3.06%, 65, 0, 3, 29.57, 212937, 1529
5234, 0, 205, 252, 250, 47, 3.06%, 65, 0, 3, 30.83, 213090, 1529
5239, 0, 205, 252, 250, 47, 3.06%, 65, 0, 3, 29.15, 213233, 1529
5244, 0, 205, 252, 250, 47, 3.06%, 65, 0, 3, 28.10, 213376, 1529
5250, 0, 205, 252, 250, 47, 3.06%, 65, 0, 3, 29.93, 213533, 1529
5255, 0, 205, 252, 250, 47, 3.06%, 65, 0, 3, 28.28, 213680, 1529
5260, 0, 205, 252, 250, 47, 3.06%, 65, 0, 3, 32.09, 213861, 1529
5265, 0, 205, 252, 250, 47, 3.06%, 65, 0, 3, 29.24, 213999, 1529
5270, 0, 205, 252, 250, 47, 3.06%, 65, 0, 3, 27.52, 214142, 1529
5275, 0, 205, 252, 250, 47, 3.06%, 65, 0, 3, 26.00, 214268, 1529
5280, 0, 205, 252, 250, 47, 3.06%, 65, 0, 3, 25.98, 214394, 1529
5285, 0, 205, 252, 250, 47, 3.06%, 65, 0, 3, 27.58, 214540, 1529
5290, 0, 205, 252, 250, 47, 3.06%, 65, 0, 3, 28.08, 214687, 1529
5296, 0, 205, 252, 250, 47, 3.06%, 65, 0, 3, 28.24, 214827, 1529
5301, 0, 205, 252, 250, 47, 3.06%, 65, 0, 3, 31.14, 214996, 1529
5306, 0, 205, 252, 250, 47, 3.06%, 65, 0, 3, 41.25, 215199, 1529
5311, 0, 205, 252, 250, 47, 3.06%, 65, 0, 3, 57.04, 215592, 1529
5316, 0, 205, 252, 250, 47, 3.06%, 65, 0, 3, 40.43, 215789, 1529
5321, 0, 205, 252, 250, 47, 3.06%, 65, 0, 3, 32.93, 215936, 1529
5326, 0, 205, 252, 250, 47, 3.06%, 65, 0, 3, 36.70, 216111, 1529
5331, 0, 205, 252, 250, 47, 3.06%, 65, 0, 3, 32.46, 216282, 1529
5337, 0, 205, 252, 250, 47, 3.06%, 65, 0, 3, 31.80, 216446, 1529
5342, 0, 205, 252, 250, 47, 3.06%, 65, 0, 3, 27.25, 216577, 1529
5347, 0, 205, 252, 250, 47, 3.06%, 65, 0, 3, 30.92, 216743, 1529
5352, 0, 205, 252, 250, 47, 3.06%, 65, 0, 3, 31.43, 216904, 1529
5357, 0, 205, 252, 250, 47, 3.06%, 65, 0, 3, 32.30, 217072, 1529
5362, 0, 205, 252, 250, 47, 3.06%, 65, 0, 3, 29.74, 217231, 1529
5368, 0, 205, 252, 250, 47, 3.06%, 65, 0, 3, 27.74, 217372, 1529
5373, 0, 205, 252, 250, 47, 3.06%, 65, 0, 3, 29.47, 217518, 1529
5378, 0, 205, 252, 250, 47, 3.06%, 65, 0, 3, 28.12, 217660, 1529
5383, 0, 205, 252, 250, 47, 3.06%, 65, 0, 3, 28.00, 217799, 1529
5388, 0, 205, 252, 250, 47, 3.06%, 65, 0, 3, 26.85, 217936, 1529
5393, 0, 205, 252, 250, 47, 3.06%, 65, 0, 3, 29.61, 218094, 1529
5398, 0, 205, 252, 250, 47, 3.06%, 65, 0, 3, 30.51, 218247, 1529
5403, 0, 205, 252, 250, 47, 3.06%, 65, 0, 3, 27.56, 218386, 1529
5409, 0, 205, 252, 250, 47, 3.06%, 65, 0, 3, 27.51, 218533, 1529
5414, 0, 205, 252, 250, 47, 3.06%, 65, 0, 3, 29.05, 218679, 1529
5419, 0, 205, 252, 250, 47, 3.06%, 65, 0, 3, 25.35, 218801, 1529
5424, 0, 205, 252, 250, 47, 3.06%, 65, 0, 3, 27.87, 218948, 1529
5429, 0, 205, 252, 250, 47, 3.06%, 65, 0, 3, 28.53, 219093, 1529
5434, 0, 205, 252, 250, 47, 3.06%, 65, 0, 3, 29.32, 219245, 1529
5439, 0, 205, 252, 250, 47, 3.06%, 65, 0, 3, 38.64, 219446, 1529
5444, 0, 205, 252, 250, 47, 3.06%, 65, 0, 3, 33.96, 219626, 1529
5449, 0, 205, 252, 250, 47, 3.06%, 65, 0, 3, 29.07, 219768, 1529
5455, 0, 205, 252, 250, 47, 3.06%, 65, 0, 3, 29.72, 219921, 1529
5460, 0, 205, 252, 250, 47, 3.06%, 65, 0, 3, 29.61, 220076, 1529
5465, 0, 205, 252, 250, 47, 3.06%, 65, 0, 3, 28.92, 220222, 1529
5470, 0, 205, 252, 250, 47, 3.06%, 65, 0, 3, 29.15, 220371, 1529
5475, 0, 205, 252, 250, 47, 3.06%, 65, 0, 3, 25.31, 220491, 1529
5480, 0, 205, 252, 250, 47, 3.06%, 65, 0, 3, 25.50, 220614, 1529
5485, 0, 205, 252, 250, 47, 3.06%, 65, 0, 3, 32.80, 220817, 1529
5490, 0, 205, 252, 250, 47, 3.06%, 65, 0, 3, 31.52, 220968, 1529
5496, 0, 205, 252, 250, 47, 3.06%, 65, 0, 3, 31.43, 221130, 1529
5501, 0, 205, 252, 250, 47, 3.06%, 65, 0, 3, 29.50, 221284, 1529
5506, 0, 205, 252, 250, 47, 3.06%, 65, 0, 3, 27.08, 221420, 1529
5511, 0, 205, 252, 250, 47, 3.06%, 65, 0, 3, 24.32, 221542, 1529
5516, 0, 205, 252, 250, 47, 3.06%, 65, 0, 3, 30.09, 221703, 1529
5521, 0, 205, 252, 250, 47, 3.06%, 65, 0, 3, 35.28, 221876, 1529
5526, 0, 205, 252, 250, 47, 3.06%, 65, 0, 3, 82.40, 222354, 1529
5531, 0, 205, 252, 250, 47, 3.06%, 65, 0, 3, 20.10, 222660, 1529
5536, 0, 205, 252, 250, 47, 3.06%, 65, 0, 3, 27.50, 222806, 1529
5541, 0, 205, 252, 250, 47, 3.06%, 65, 0, 3, 28.63, 222949, 1529
5547, 0, 205, 252, 250, 47, 3.06%, 65, 0, 3, 28.99, 223098, 1529
5552, 0, 205, 252, 250, 47, 3.06%, 65, 0, 3, 28.27, 223235, 1529
5557, 0, 205, 252, 250, 47, 3.06%, 65, 0, 3, 29.56, 223387, 1529
5562, 0, 205, 252, 250, 47, 3.06%, 65, 0, 3, 30.40, 223539, 1529
5567, 0, 205, 252, 250, 47, 3.06%, 65, 0, 3, 36.57, 223678, 1529
5572, 0, 205, 252, 250, 47, 3.06%, 65, 0, 3, 30.07, 223829, 1529
5577, 0, 205, 252, 250, 47, 3.06%, 65, 0, 3, 28.75, 223969, 1529
5582, 0, 205, 252, 250, 47, 3.06%, 65, 0, 3, 28.35, 224109, 1529
5587, 0, 205, 252, 250, 47, 3.06%, 65, 0, 3, 29.35, 224256, 1529
5592, 0, 205, 252, 250, 47, 3.06%, 65, 0, 3, 30.82, 224413, 1529
5597, 0, 205, 252, 250, 47, 3.06%, 65, 0, 3, 35.35, 224579, 1529
5602, 0, 205, 252, 250, 47, 3.06%, 65, 0, 3, 31.10, 224744, 1529
5607, 0, 205, 252, 250, 47, 3.06%, 65, 0, 3, 28.18, 224887, 1529
5613, 0, 205, 252, 250, 47, 3.06%, 65, 0, 3, 26.11, 225022, 1529
5618, 0, 205, 252, 250, 47, 3.06%, 65, 0, 3, 28.46, 225172, 1529
5623, 0, 205, 252, 250, 47, 3.06%, 65, 0, 3, 29.66, 225323, 1529
5628, 0, 205, 252, 250, 47, 3.06%, 65, 0, 3, 29.69, 225472, 1529
5633, 0, 205, 252, 250, 47, 3.06%, 65, 0, 3, 33.15, 225634, 1529
5638, 0, 205, 252, 250, 47, 3.06%, 65, 0, 3, 29.31, 225779, 1529
5643, 0, 205, 252, 250, 47, 3.06%, 65, 0, 3, 29.82, 225929, 1529
5648, 0, 205, 252, 250, 47, 3.06%, 65, 0, 3, 29.60, 226075, 1529
5653, 0, 205, 252, 250, 47, 3.06%, 65, 0, 3, 28.51, 226217, 1529
5658, 0, 205, 252, 250, 47, 3.06%, 65, 0, 3, 28.21, 226362, 1529
5664, 0, 205, 252, 250, 47, 3.06%, 65, 0, 3, 28.02, 226510, 1529
5669, 0, 205, 252, 250, 47, 3.06%, 65, 0, 3, 28.69, 226652, 1529
5674, 0, 205, 252, 250, 47, 3.06%, 65, 0, 3, 28.55, 226802, 1529
5679, 0, 205, 252, 250, 47, 3.06%, 65, 0, 3, 80.02, 227288, 1529
5684, 0, 205, 252, 250, 47, 3.06%, 65, 0, 3, 57.88, 227603, 1529
5689, 0, 205, 252, 250, 47, 3.06%, 65, 0, 3, 46.36, 227880, 1529
5695, 0, 205, 252, 250, 47, 3.06%, 65, 0, 3, 33.90, 228031, 1529
5700, 0, 205, 252, 250, 47, 3.06%, 65, 0, 3, 29.87, 228172, 1529
5705, 0, 205, 252, 250, 47, 3.06%, 65, 0, 3, 28.05, 228312, 1529
5710, 0, 205, 252, 250, 47, 3.06%, 65, 0, 3, 41.79, 228517, 1529
5715, 0, 205, 252, 250, 47, 3.06%, 65, 0, 3, 35.61, 228688, 1529
5720, 0, 205, 252, 250, 47, 3.06%, 65, 0, 3, 31.63, 228843, 1529
5725, 0, 205, 252, 250, 47, 3.06%, 65, 0, 3, 31.09, 229002, 1529
5730, 0, 205, 252, 250, 47, 3.06%, 65, 0, 3, 29.59, 229144, 1529
5735, 0, 205, 252, 250, 47, 3.06%, 65, 0, 3, 27.46, 229276, 1529
5741, 0, 205, 252, 250, 47, 3.06%, 65, 0, 3, 26.93, 229409, 1529
5746, 0, 205, 252, 250, 47, 3.06%, 65, 0, 3, 27.19, 229544, 1529
5751, 0, 205, 252, 250, 47, 3.06%, 65, 0, 3, 28.95, 229694, 1529
5756, 0, 205, 252, 250, 47, 3.06%, 65, 0, 3, 31.22, 229851, 1529
5761, 0, 205, 252, 250, 47, 3.06%, 65, 0, 3, 29.12, 229997, 1529
5766, 0, 205, 252, 250, 47, 3.06%, 65, 0, 3, 27.80, 230131, 1529
5771, 0, 205, 252, 250, 47, 3.06%, 65, 0, 3, 28.59, 230278, 1529
5776, 0, 205, 252, 250, 47, 3.06%, 65, 0, 3, 40.84, 230469, 1529
5782, 0, 205, 252, 250, 47, 3.06%, 65, 0, 3, 34.48, 230639, 1529
5787, 0, 205, 252, 250, 47, 3.06%, 65, 0, 3, 32.36, 230798, 1529
5792, 0, 205, 252, 250, 47, 3.06%, 65, 0, 3, 30.28, 230953, 1529
5797, 0, 205, 252, 250, 47, 3.06%, 65, 0, 3, 27.02, 231080, 1529
5802, 0, 205, 252, 250, 47, 3.06%, 65, 0, 3, 26.37, 231219, 1529
5807, 0, 205, 252, 250, 47, 3.06%, 65, 0, 3, 27.92, 231372, 1529
5812, 0, 205, 252, 250, 47, 3.06%, 65, 0, 3, 26.56, 231506, 1529
5818, 0, 205, 252, 250, 47, 3.06%, 65, 0, 3, 26.09, 231645, 1529
5823, 0, 205, 252, 250, 47, 3.06%, 65, 0, 3, 27.95, 231781, 1529
5828, 0, 205, 252, 250, 47, 3.06%, 65, 0, 3, 30.01, 231931, 1529
5833, 0, 205, 252, 250, 47, 3.06%, 65, 0, 3, 26.77, 232064, 1529
5838, 0, 205, 252, 250, 47, 3.06%, 65, 0, 3, 33.69, 232249, 1529
5843, 0, 205, 252, 250, 47, 3.06%, 65, 0, 3, 26.39, 232386, 1529
5848, 0, 205, 252, 250, 47, 3.06%, 65, 0, 3, 26.88, 232524, 1529
5853, 0, 205, 252, 250, 47, 3.06%, 65, 0, 3, 27.17, 232660, 1529
5858, 0, 205, 252, 250, 47, 3.06%, 65, 0, 3, 29.46, 232813, 1529
5864, 0, 205, 252, 250, 47, 3.06%, 65, 0, 3, 29.61, 232968, 1529
5869, 0, 205, 252, 250, 47, 3.06%, 65, 0, 3, 31.95, 233128, 1529
5874, 0, 205, 252, 250, 47, 3.06%, 65, 0, 3, 29.19, 233272, 1529
5879, 0, 205, 252, 250, 47, 3.06%, 65, 0, 3, 29.95, 233425, 1529
5884, 0, 205, 252, 250, 47, 3.06%, 65, 0, 3, 58.30, 233772, 1529
5889, 0, 205, 252, 250, 47, 3.06%, 65, 0, 3, 34.01, 233915, 1529
5894, 0, 205, 252, 250, 47, 3.06%, 65, 0, 3, 30.71, 234062, 1529
5899, 0, 205, 252, 250, 47, 3.06%, 65, 0, 3, 28.68, 234203, 1529
5904, 0, 205, 252, 250, 47, 3.06%, 65, 0, 3, 27.39, 234342, 1529
5909, 0, 205, 252, 250, 47, 3.06%, 65, 0, 3, 27.79, 234482, 1529
5915, 0, 205, 252, 250, 47, 3.06%, 65, 0, 3, 26.35, 234618, 1529
5920, 0, 205, 252, 250, 47, 3.06%, 65, 0, 3, 34.18, 234777, 1529
5925, 0, 205, 252, 250, 47, 3.06%, 65, 0, 3, 31.81, 234932, 1529
5930, 0, 205, 252, 250, 47, 3.06%, 65, 0, 3, 28.84, 235073, 1529
5935, 0, 205, 252, 250, 47, 3.06%, 65, 0, 3, 27.23, 235213, 1529
5940, 0, 205, 252, 250, 47, 3.06%, 65, 0, 3, 29.31, 235362, 1529
5946, 0, 205, 252, 250, 47, 3.06%, 65, 0, 3, 28.57, 235507, 1529
5951, 0, 205, 252, 250, 47, 3.06%, 65, 0, 3, 28.87, 235651, 1529
5956, 0, 205, 252, 250, 47, 3.06%, 65, 0, 3, 30.75, 235804, 1529
5961, 0, 205, 252, 250, 47, 3.06%, 65, 0, 3, 49.04, 236033, 1529
5966, 0, 205, 252, 250, 47, 3.06%, 65, 0, 3, 48.09, 236321, 1529
5971, 0, 205, 252, 250, 47, 3.06%, 65, 0, 3, 32.09, 236466, 1529
5976, 0, 205, 252, 250, 47, 3.06%, 65, 0, 3, 29.62, 236612, 1529
5981, 0, 205, 252, 250, 47, 3.06%, 65, 0, 3, 32.73, 236790, 1529
5986, 0, 205, 252, 250, 47, 3.06%, 65, 0, 3, 30.88, 236945, 1529
5991, 0, 205, 252, 250, 47, 3.06%, 65, 0, 3, 29.90, 237085, 1529
5997, 0, 205, 252, 250, 47, 3.06%, 66, 0, 3, 48.83, 237360, 1529
6002, 0, 205, 253, 251, 47, 3.06%, 66, 0, 3, 48.19, 237584, 1529
6007, 0, 205, 253, 251, 47, 3.06%, 66, 0, 3, 50.57, 237845, 1529
6012, 0, 205, 253, 251, 47, 3.06%, 66, 0, 3, 46.46, 238071, 1529
6017, 0, 205, 253, 251, 47, 3.06%, 66, 0, 3, 47.76, 238307, 1529
6022, 0, 205, 253, 251, 47, 3.06%, 67, 0, 3, 48.11, 238557, 1529
6027, 0, 205, 253, 251, 47, 3.06%, 68, 0, 3, 42.59, 238775, 1529
6032, 0, 205, 253, 251, 47, 3.06%, 69, 0, 3, 47.45, 239011, 1529
6038, 0, 205, 254, 252, 47, 3.06%, 69, 0, 3, 55.03, 239285, 1529
6043, 0, 205, 255, 253, 47, 3.06%, 70, 0, 3, 54.73, 239521, 1529
6048, 0, 205, 256, 253, 46, 3.06%, 72, 0, 3, 51.01, 239769, 1529
6053, 0, 151, 259, 256, 48, 3.07%, 72, 0, 3, 64.32, 240062, 1530
6059, 0, 151, 261, 258, 48, 3.07%, 72, 0, 3, 74.15, 240484, 1531
6064, 0, 151, 261, 258, 48, 3.07%, 72, 0, 3, 82.16, 240898, 1531
6069, 0, 151, 261, 258, 48, 3.07%, 73, 0, 3, 51.32, 241128, 1531
6074, 0, 186, 263, 259, 50, 3.07%, 73, 0, 3, 56.51, 241449, 1531
6079, 0, 66, 263, 258, 48, 3.07%, 73, 0, 3, 59.32, 241743, 1531
6085, 0, 66, 264, 259, 48, 3.07%, 73, 0, 3, 42.65, 241927, 1531
6090, 0, 90, 264, 258, 47, 3.07%, 73, 0, 3, 35.03, 242096, 1531
6095, 0, 90, 264, 258, 47, 3.07%, 73, 0, 3, 33.22, 242257, 1531
6100, 0, 90, 264, 258, 47, 3.07%, 73, 0, 3, 27.67, 242411, 1531
6105, 0, 90, 264, 258, 47, 3.07%, 73, 0, 3, 38.19, 242620, 1531
6110, 0, 90, 264, 258, 47, 3.07%, 73, 0, 3, 31.61, 242775, 1531
6115, 0, 90, 264, 258, 47, 3.07%, 73, 0, 3, 30.17, 242918, 1531
6120, 0, 90, 264, 258, 47, 3.07%, 73, 0, 3, 27.16, 243051, 1531
6126, 0, 90, 264, 258, 47, 3.07%, 73, 0, 3, 30.84, 243217, 1531
6131, 0, 90, 264, 258, 47, 3.07%, 73, 0, 3, 32.13, 243380, 1531
6136, 0, 90, 264, 258, 47, 3.07%, 73, 0, 3, 29.16, 243521, 1531
6141, 0, 90, 264, 258, 47, 3.07%, 73, 0, 3, 28.40, 243668, 1531
6146, 0, 90, 264, 258, 47, 3.07%, 73, 0, 3, 27.08, 243800, 1531
6151, 0, 90, 264, 258, 47, 3.07%, 73, 0, 3, 32.44, 243988, 1531
6156, 0, 90, 264, 258, 47, 3.07%, 73, 0, 3, 38.49, 244201, 1531
6161, 0, 90, 264, 258, 47, 3.07%, 73, 0, 3, 31.86, 244356, 1531
6166, 0, 90, 264, 258, 47, 3.07%, 73, 0, 3, 29.52, 244499, 1531
6172, 0, 90, 264, 258, 47, 3.07%, 73, 0, 3, 33.40, 244683, 1531
6177, 0, 90, 264, 258, 47, 3.07%, 73, 0, 3, 29.37, 244830, 1531
6182, 0, 90, 264, 258, 47, 3.07%, 73, 0, 3, 28.68, 244975, 1531
6187, 0, 90, 264, 258, 47, 3.07%, 73, 0, 3, 29.57, 245119, 1531
6192, 0, 90, 264, 258, 47, 3.07%, 73, 0, 3, 29.30, 245267, 1531
6197, 0, 90, 264, 258, 47, 3.07%, 73, 0, 3, 37.84, 245461, 1531
6202, 0, 90, 264, 258, 47, 3.07%, 73, 0, 3, 39.67, 245645, 1531
6207, 0, 90, 264, 258, 47, 3.07%, 73, 0, 3, 34.50, 245839, 1531
6212, 0, 90, 264, 258, 47, 3.07%, 73, 0, 3, 31.78, 246000, 1531
6218, 0, 90, 264, 258, 47, 3.07%, 73, 0, 3, 30.86, 246152, 1531
6223, 0, 90, 264, 258, 47, 3.07%, 73, 0, 3, 28.29, 246294, 1531
6228, 0, 90, 264, 258, 47, 3.07%, 73, 0, 3, 37.16, 246437, 1531
6233, 0, 90, 264, 258, 47, 3.07%, 73, 0, 3, 31.71, 246590, 1531
6238, 0, 90, 264, 258, 47, 3.07%, 73, 0, 3, 28.04, 246730, 1531
6243, 0, 90, 264, 258, 47, 3.07%, 73, 0, 3, 31.10, 246889, 1531
6248, 0, 90, 264, 258, 47, 3.07%, 73, 0, 3, 28.87, 247047, 1531
6253, 0, 90, 264, 258, 47, 3.07%, 73, 0, 3, 35.02, 247234, 1531
6258, 0, 90, 264, 258, 47, 3.07%, 73, 0, 3, 31.85, 247384, 1531
6263, 0, 90, 264, 258, 47, 3.07%, 73, 0, 3, 31.52, 247540, 1531
6268, 0, 90, 264, 258, 47, 3.07%, 73, 0, 3, 29.35, 247693, 1531
6274, 0, 90, 264, 258, 47, 3.07%, 73, 0, 3, 32.94, 247864, 1531
6279, 0, 90, 264, 258, 47, 3.07%, 73, 0, 3, 34.27, 248040, 1531
6284, 0, 90, 264, 258, 47, 3.07%, 73, 0, 3, 31.87, 248196, 1531
6289, 0, 90, 264, 258, 47, 3.07%, 73, 0, 3, 28.97, 248348, 1531
6294, 0, 90, 264, 258, 47, 3.07%, 73, 0, 3, 27.53, 248487, 1531
6299, 0, 90, 264, 258, 47, 3.07%, 73, 0, 3, 29.09, 248638, 1531
6304, 0, 90, 264, 258, 47, 3.07%, 73, 0, 3, 29.81, 248787, 1531
6309, 0, 90, 264, 258, 47, 3.07%, 73, 0, 3, 63.67, 249181, 1531
6314, 0, 90, 264, 258, 47, 3.07%, 73, 0, 3, 36.69, 249324, 1531
6320, 0, 90, 264, 258, 47, 3.07%, 73, 0, 3, 29.28, 249460, 1531
6325, 0, 90, 264, 258, 47, 3.07%, 73, 0, 3, 27.54, 249598, 1531
6330, 0, 90, 264, 258, 47, 3.07%, 73, 0, 3, 24.68, 249727, 1531
6335, 0, 90, 264, 258, 47, 3.07%, 73, 0, 3, 27.33, 249873, 1531
6340, 0, 90, 264, 258, 47, 3.07%, 73, 0, 3, 24.47, 249983, 1531
6345, 0, 90, 264, 258, 47, 3.07%, 73, 0, 3, 26.83, 250110, 1531
6350, 0, 90, 264, 258, 47, 3.07%, 73, 0, 3, 28.27, 250251, 1531
6355, 0, 90, 264, 258, 47, 3.07%, 73, 0, 3, 28.40, 250396, 1531
6361, 0, 90, 264, 258, 47, 3.07%, 73, 0, 3, 54.40, 250681, 1531
6366, 0, 90, 264, 258, 47, 3.07%, 73, 0, 3, 81.55, 251147, 1531
6371, 0, 90, 264, 258, 47, 3.07%, 73, 0, 3, 49.27, 251333, 1531
6376, 0, 90, 264, 258, 47, 3.07%, 73, 0, 3, 32.32, 251465, 1531
6381, 0, 90, 264, 258, 47, 3.07%, 73, 0, 3, 28.70, 251607, 1531
6386, 0, 90, 264, 258, 47, 3.07%, 73, 0, 3, 28.75, 251745, 1531
6391, 0, 90, 264, 258, 47, 3.07%, 73, 0, 3, 30.06, 251901, 1531
6397, 0, 90, 264, 258, 47, 3.07%, 73, 0, 3, 30.03, 252056, 1531
6402, 0, 90, 264, 258, 47, 3.07%, 73, 0, 3, 25.68, 252180, 1531
6407, 0, 90, 264, 258, 47, 3.07%, 73, 0, 3, 26.42, 252325, 1531
6412, 0, 90, 264, 258, 47, 3.07%, 73, 0, 3, 25.59, 252456, 1531
6417, 0, 90, 264, 258, 47, 3.07%, 73, 0, 3, 29.07, 252615, 1531
6422, 0, 90, 264, 258, 47, 3.07%, 73, 0, 3, 27.13, 252756, 1531
6427, 0, 90, 264, 258, 47, 3.07%, 73, 0, 3, 25.09, 252883, 1531
6432, 0, 90, 264, 258, 47, 3.07%, 73, 0, 3, 29.70, 253039, 1531
6438, 0, 90, 264, 258, 47, 3.07%, 73, 0, 3, 29.72, 253193, 1531
6443, 0, 90, 264, 258, 47, 3.07%, 73, 0, 3, 28.23, 253334, 1531
6448, 0, 90, 264, 258, 47, 3.07%, 73, 0, 3, 26.08, 253471, 1531
6453, 0, 90, 264, 258, 47, 3.07%, 73, 0, 3, 29.43, 253625, 1531
6458, 0, 90, 264, 258, 47, 3.07%, 73, 0, 3, 12.51, 253890, 1531
6463, 0, 90, 264, 258, 47, 3.07%, 73, 0, 3, 26.15, 254044, 1531
6468, 0, 90, 264, 258, 47, 3.07%, 73, 0, 3, 28.04, 254186, 1531
6473, 0, 90, 264, 258, 47, 3.07%, 73, 0, 3, 28.43, 254327, 1531
6478, 0, 90, 264, 258, 47, 3.07%, 73, 0, 3, 30.98, 254480, 1531
6483, 0, 90, 264, 258, 47, 3.07%, 73, 0, 3, 26.89, 254631, 1531
6489, 0, 90, 264, 258, 47, 3.07%, 73, 0, 3, 29.22, 254791, 1531
6494, 0, 90, 264, 258, 47, 3.07%, 73, 0, 3, 27.36, 254934, 1531
6499, 0, 90, 264, 258, 47, 3.07%, 73, 0, 3, 28.87, 255088, 1531
6504, 0, 90, 264, 258, 47, 3.07%, 73, 0, 3, 29.29, 255230, 1531
6509, 0, 90, 264, 258, 47, 3.07%, 73, 0, 3, 27.74, 255365, 1531
6514, 0, 90, 264, 258, 47, 3.07%, 73, 0, 3, 27.03, 255501, 1531
6519, 0, 90, 264, 258, 47, 3.07%, 73, 0, 3, 25.46, 255625, 1531
6524, 0, 90, 264, 258, 47, 3.07%, 73, 0, 3, 31.51, 255787, 1531
6529, 0, 90, 264, 258, 47, 3.07%, 73, 0, 3, 29.93, 255932, 1531
6535, 0, 90, 264, 258, 47, 3.07%, 73, 0, 3, 29.34, 256082, 1531
6540, 0, 90, 264, 258, 47, 3.07%, 73, 0, 3, 27.67, 256225, 1531
6545, 0, 90, 264, 258, 47, 3.07%, 73, 0, 3, 34.37, 256359, 1531
6550, 0, 90, 264, 258, 47, 3.07%, 73, 0, 3, 30.29, 256499, 1531
6555, 0, 90, 264, 258, 47, 3.07%, 73, 0, 3, 27.15, 256630, 1531
6560, 0, 90, 264, 258, 47, 3.07%, 73, 0, 3, 26.61, 256763, 1531
6565, 0, 90, 264, 258, 47, 3.07%, 73, 0, 3, 30.86, 256918, 1531
6570, 0, 90, 264, 258, 47, 3.07%, 73, 0, 3, 27.42, 257053, 1531
6576, 0, 90, 264, 258, 47, 3.07%, 73, 0, 3, 29.49, 257206, 1531
6581, 0, 90, 264, 258, 47, 3.07%, 73, 0, 3, 31.04, 257358, 1531
6586, 0, 90, 264, 258, 47, 3.07%, 73, 0, 3, 27.11, 257495, 1531
6591, 0, 90, 264, 258, 47, 3.07%, 73, 0, 3, 27.44, 257636, 1531
6596, 0, 90, 264, 258, 47, 3.07%, 73, 0, 3, 32.09, 257800, 1531
6601, 0, 90, 264, 258, 47, 3.07%, 73, 0, 3, 32.13, 257965, 1531
6606, 0, 90, 264, 258, 47, 3.07%, 73, 0, 3, 27.38, 258103, 1531
6611, 0, 90, 264, 258, 47, 3.07%, 73, 0, 3, 26.57, 258301, 1531
6617, 0, 90, 264, 258, 47, 3.07%, 73, 0, 3, 32.72, 258493, 1531
6622, 0, 90, 264, 258, 47, 3.07%, 73, 0, 3, 32.67, 258656, 1531
6627, 0, 90, 264, 258, 47, 3.07%, 73, 0, 3, 31.20, 258813, 1531
6632, 0, 90, 264, 258, 47, 3.07%, 73, 0, 3, 27.54, 258945, 1531
6637, 0, 90, 264, 258, 47, 3.07%, 73, 0, 3, 29.45, 259091, 1531
6642, 0, 90, 264, 258, 47, 3.07%, 73, 0, 3, 29.50, 259246, 1531
6647, 0, 90, 264, 258, 47, 3.07%, 73, 0, 3, 30.36, 259439, 1531
6652, 0, 90, 264, 258, 47, 3.07%, 73, 0, 3, 29.42, 259597, 1531
6658, 0, 90, 264, 258, 47, 3.07%, 73, 0, 3, 31.37, 259756, 1531
6663, 0, 90, 264, 258, 47, 3.07%, 73, 0, 3, 33.65, 259926, 1531
6668, 0, 90, 264, 258, 47, 3.07%, 73, 0, 3, 31.28, 260081, 1531
6673, 0, 90, 264, 258, 47, 3.07%, 73, 0, 3, 28.29, 260218, 1531
6678, 0, 90, 264, 258, 47, 3.07%, 73, 0, 3, 26.98, 260356, 1531
6683, 0, 90, 264, 258, 47, 3.07%, 73, 0, 3, 29.34, 260505, 1531
6688, 0, 90, 264, 258, 47, 3.07%, 73, 0, 3, 29.10, 260657, 1531
6693, 0, 90, 264, 258, 47, 3.07%, 73, 0, 3, 31.84, 260815, 1531
6698, 0, 90, 264, 258, 47, 3.07%, 73, 0, 3, 41.89, 261088, 1531
6703, 0, 90, 264, 258, 47, 3.07%, 73, 0, 3, 32.46, 261239, 1531
6709, 0, 90, 264, 258, 47, 3.07%, 73, 0, 3, 28.53, 261378, 1531
6714, 0, 90, 264, 258, 47, 3.07%, 73, 0, 3, 27.20, 261517, 1531
6719, 0, 90, 264, 258, 47, 3.07%, 73, 0, 3, 53.87, 261767, 1531
6724, 0, 90, 264, 258, 47, 3.07%, 73, 0, 3, 48.16, 262058, 1531
6729, 0, 90, 264, 258, 47, 3.07%, 73, 0, 3, 32.77, 262194, 1531
6734, 0, 90, 264, 258, 47, 3.07%, 73, 0, 3, 30.55, 262345, 1531
6739, 0, 90, 264, 258, 47, 3.07%, 73, 0, 3, 29.95, 262490, 1531
6744, 0, 90, 264, 258, 47, 3.07%, 73, 0, 3, 31.04, 262636, 1531
6749, 0, 90, 264, 258, 47, 3.07%, 73, 0, 3, 29.04, 262782, 1531
6754, 0, 90, 264, 258, 47, 3.07%, 73, 0, 3, 29.05, 262922, 1531
6759, 0, 90, 264, 258, 47, 3.07%, 73, 0, 3, 27.79, 263067, 1531
6765, 0, 90, 264, 258, 47, 3.07%, 73, 0, 3, 31.69, 263218, 1531
6770, 0, 90, 264, 258, 47, 3.07%, 73, 0, 3, 29.36, 263381, 1531
6775, 0, 90, 264, 258, 47, 3.07%, 73, 0, 3, 29.23, 263520, 1531
6780, 0, 90, 264, 258, 47, 3.07%, 73, 0, 3, 27.43, 263662, 1531
6785, 0, 90, 264, 258, 47, 3.07%, 73, 0, 3, 30.87, 263820, 1531
6790, 0, 90, 264, 258, 47, 3.07%, 73, 0, 3, 31.04, 263974, 1531
6795, 0, 90, 264, 258, 47, 3.07%, 73, 0, 3, 31.37, 264133, 1531
6801, 0, 90, 264, 258, 47, 3.07%, 73, 0, 3, 28.49, 264275, 1531
6806, 0, 90, 264, 258, 47, 3.07%, 73, 0, 3, 30.31, 264432, 1531
6811, 0, 90, 264, 258, 47, 3.07%, 73, 0, 3, 30.13, 264585, 1531
6816, 0, 90, 264, 258, 47, 3.07%, 73, 0, 3, 29.79, 264734, 1531
6821, 0, 90, 264, 258, 47, 3.07%, 73, 0, 3, 26.33, 264867, 1531
6826, 0, 90, 264, 258, 47, 3.07%, 73, 0, 3, 27.13, 265008, 1531
6831, 0, 90, 264, 258, 47, 3.07%, 73, 0, 3, 28.84, 265162, 1531
6837, 0, 90, 264, 258, 47, 3.07%, 73, 0, 3, 30.41, 265313, 1531
6842, 0, 90, 264, 258, 47, 3.07%, 73, 0, 3, 31.97, 265476, 1531
6847, 0, 90, 264, 258, 47, 3.07%, 73, 0, 3, 30.69, 265632, 1531
6852, 0, 90, 264, 258, 47, 3.07%, 73, 0, 3, 30.71, 265782, 1531
6857, 0, 90, 264, 258, 47, 3.07%, 73, 0, 3, 29.91, 265928, 1531
6862, 0, 90, 264, 258, 47, 3.07%, 73, 0, 3, 30.27, 266082, 1531
6867, 0, 90, 264, 258, 47, 3.07%, 73, 0, 3, 29.30, 266233, 1531
6873, 0, 90, 264, 258, 47, 3.07%, 73, 0, 3, 29.21, 266396, 1531
6878, 0, 90, 264, 258, 47, 3.07%, 73, 0, 3, 73.30, 266761, 1531
6883, 0, 90, 264, 258, 47, 3.07%, 73, 0, 3, 11.01, 266967, 1531
6888, 0, 90, 264, 258, 47, 3.07%, 73, 0, 3, 26.64, 267120, 1531
6893, 0, 90, 264, 258, 47, 3.07%, 73, 0, 3, 26.63, 267253, 1531
6898, 0, 90, 264, 258, 47, 3.07%, 73, 0, 3, 30.31, 267410, 1531
6903, 0, 90, 264, 258, 47, 3.07%, 73, 0, 3, 28.66, 267556, 1531
6908, 0, 90, 264, 258, 47, 3.07%, 73, 0, 3, 30.02, 267712, 1531
6913, 0, 90, 264, 258, 47, 3.07%, 73, 0, 3, 88.92, 268215, 1531
6919, 0, 90, 264, 258, 47, 3.07%, 73, 0, 3, 10.03, 268461, 1531
6924, 0, 90, 264, 258, 47, 3.07%, 73, 0, 3, 16.33, 268555, 1531
6929, 0, 90, 264, 258, 47, 3.07%, 73, 0, 3, 21.98, 268671, 1531
6934, 0, 90, 264, 258, 47, 3.07%, 73, 0, 3, 21.32, 268787, 1531
6939, 0, 90, 264, 258, 47, 3.07%, 73, 0, 3, 22.28, 268891, 1531
6944, 0, 90, 264, 258, 47, 3.07%, 73, 0, 3, 16.90, 268965, 1531
6950, 0, 90, 264, 258, 47, 3.07%, 73, 0, 3, 21.08, 269078, 1531
6955, 0, 90, 264, 258, 47, 3.07%, 73, 0, 3, 21.04, 269180, 1531
6960, 0, 90, 264, 258, 47, 3.07%, 73, 0, 3, 18.37, 269272, 1531
6965, 0, 90, 264, 258, 47, 3.07%, 73, 0, 3, 20.35, 269374, 1531
6970, 0, 90, 264, 258, 47, 3.07%, 73, 0, 3, 23.48, 269499, 1531
6975, 0, 90, 264, 258, 47, 3.07%, 73, 0, 3, 19.58, 269598, 1531
6980, 0, 90, 264, 258, 47, 3.07%, 73, 0, 3, 20.03, 269696, 1531
6985, 0, 90, 264, 258, 47, 3.07%, 73, 0, 3, 18.66, 269788, 1531
6990, 0, 90, 264, 258, 47, 3.07%, 73, 0, 3, 22.16, 269903, 1531
6996, 0, 90, 264, 258, 47, 3.07%, 73, 0, 3, 25.09, 270035, 1531
7001, 0, 90, 264, 258, 47, 3.07%, 73, 0, 3, 22.28, 270138, 1531
7006, 0, 90, 264, 258, 47, 3.07%, 73, 0, 3, 24.59, 270272, 1531
7011, 0, 90, 264, 258, 47, 3.07%, 73, 0, 3, 24.26, 270392, 1531
7016, 0, 90, 264, 258, 47, 3.07%, 73, 0, 3, 29.09, 270560, 1531
7021, 0, 90, 264, 258, 47, 3.07%, 73, 0, 3, 21.51, 270660, 1531
7026, 0, 90, 264, 258, 47, 3.07%, 73, 0, 3, 20.58, 270767, 1531
7031, 0, 90, 264, 258, 47, 3.07%, 73, 0, 3, 24.15, 270880, 1531
7036, 0, 90, 264, 258, 47, 3.07%, 73, 0, 3, 24.88, 271004, 1531
7041, 0, 90, 264, 258, 47, 3.07%, 73, 0, 3, 23.77, 271121, 1531
7047, 0, 90, 264, 258, 47, 3.07%, 73, 0, 3, 21.08, 271228, 1531
7052, 0, 90, 264, 258, 47, 3.07%, 73, 0, 3, 20.54, 271337, 1531
7057, 0, 90, 264, 258, 47, 3.07%, 73, 0, 3, 23.15, 271461, 1531
7062, 0, 90, 264, 258, 47, 3.07%, 73, 0, 3, 20.84, 271565, 1531
7067, 0, 90, 264, 258, 47, 3.07%, 73, 0, 3, 19.00, 271656, 1531
7072, 0, 90, 264, 258, 47, 3.07%, 73, 0, 3, 25.02, 271787, 1531
7077, 0, 90, 264, 258, 47, 3.07%, 73, 0, 3, 27.91, 271929, 1531
7082, 0, 90, 264, 258, 47, 3.07%, 73, 0, 3, 28.40, 272071, 1531
7088, 0, 90, 264, 258, 47, 3.07%, 73, 0, 3, 27.98, 272214, 1531
7093, 0, 90, 264, 258, 47, 3.07%, 73, 0, 3, 32.46, 272377, 1531
7098, 0, 90, 264, 258, 47, 3.07%, 73, 0, 3, 32.37, 272541, 1531
7103, 0, 90, 264, 258, 47, 3.07%, 73, 0, 3, 29.80, 272686, 1531
7108, 0, 90, 264, 258, 47, 3.07%, 73, 0, 3, 28.97, 272834, 1531
7113, 0, 90, 264, 258, 47, 3.07%, 73, 0, 3, 30.32, 272979, 1531
7118, 0, 90, 264, 258, 47, 3.07%, 73, 0, 3, 28.83, 273119, 1531
7123, 0, 90, 264, 258, 47, 3.07%, 73, 0, 3, 31.76, 273286, 1531
7128, 0, 90, 264, 258, 47, 3.07%, 73, 0, 3, 30.03, 273436, 1531
7134, 0, 90, 264, 258, 47, 3.07%, 73, 0, 3, 30.37, 273586, 1531
7139, 0, 90, 264, 258, 47, 3.07%, 73, 0, 3, 30.88, 273742, 1531
7144, 0, 90, 264, 258, 47, 3.07%, 73, 0, 3, 31.00, 273893, 1531
7149, 0, 90, 264, 258, 47, 3.07%, 73, 0, 3, 31.03, 274050, 1531
7154, 0, 90, 264, 258, 47, 3.07%, 73, 0, 3, 29.28, 274192, 1531
7159, 0, 90, 264, 258, 47, 3.07%, 73, 0, 3, 32.02, 274358, 1531
7164, 0, 90, 264, 258, 47, 3.07%, 73, 0, 3, 46.61, 274649, 1531
7170, 0, 90, 264, 258, 47, 3.07%, 73, 0, 3, 35.45, 274808, 1531
7175, 0, 90, 264, 258, 47, 3.07%, 73, 0, 3, 30.62, 274947, 1531
7180, 0, 90, 264, 258, 47, 3.07%, 73, 0, 3, 68.66, 275300, 1531
7185, 0, 90, 264, 258, 47, 3.07%, 73, 0, 3, 41.16, 275468, 1531
7190, 0, 90, 264, 258, 47, 3.07%, 73, 0, 3, 33.45, 275630, 1531
7195, 0, 90, 264, 258, 47, 3.07%, 73, 0, 3, 28.89, 275780, 1531
7200, 0, 90, 264, 258, 47, 3.07%, 73, 0, 3, 29.70, 275929, 1531
7205, 0, 90, 264, 258, 47, 3.07%, 73, 0, 3, 39.30, 276110, 1531
7211, 0, 90, 264, 258, 47, 3.07%, 73, 0, 3, 25.50, 276252, 1531
7216, 0, 90, 264, 258, 47, 3.07%, 73, 0, 3, 26.60, 276398, 1531
7221, 0, 90, 264, 258, 47, 3.07%, 73, 0, 3, 29.50, 276551, 1531
7226, 0, 90, 264, 258, 47, 3.07%, 73, 0, 3, 70.71, 276915, 1531
7231, 0, 90, 264, 258, 47, 3.07%, 73, 0, 3, 38.52, 277071, 1531
7236, 0, 90, 264, 258, 47, 3.07%, 73, 0, 3, 29.75, 277210, 1531
7241, 0, 90, 264, 258, 47, 3.07%, 73, 0, 3, 28.78, 277356, 1531
7246, 0, 90, 264, 258, 47, 3.07%, 73, 0, 3, 31.90, 277515, 1531
7251, 0, 90, 264, 258, 47, 3.07%, 73, 0, 3, 28.63, 277655, 1531
7256, 0, 90, 264, 258, 47, 3.07%, 73, 0, 3, 30.79, 277820, 1531
7262, 0, 90, 264, 258, 47, 3.07%, 73, 0, 3, 37.62, 278030, 1531
7267, 0, 90, 264, 258, 47, 3.07%, 73, 0, 3, 31.35, 278185, 1531
7272, 0, 90, 264, 258, 47, 3.07%, 73, 0, 3, 30.93, 278335, 1531
7277, 0, 90, 264, 258, 47, 3.07%, 73, 0, 3, 27.97, 278470, 1531
7282, 0, 90, 264, 258, 47, 3.07%, 73, 0, 3, 30.18, 278630, 1531
7287, 0, 90, 264, 258, 47, 3.07%, 73, 0, 3, 29.58, 278776, 1531
7292, 0, 90, 264, 258, 47, 3.07%, 73, 0, 3, 31.45, 278944, 1531
7297, 0, 90, 264, 258, 47, 3.07%, 73, 0, 3, 30.52, 279097, 1531
7303, 0, 90, 264, 258, 47, 3.07%, 73, 0, 3, 29.36, 279249, 1531
7308, 0, 90, 264, 258, 47, 3.07%, 73, 0, 3, 30.31, 279407, 1531
7313, 0, 90, 264, 258, 47, 3.07%, 73, 0, 3, 30.24, 279561, 1531
7318, 0, 90, 264, 258, 47, 3.07%, 73, 0, 3, 31.22, 279720, 1531
7323, 0, 90, 264, 258, 47, 3.07%, 73, 0, 3, 36.91, 279912, 1531
7328, 0, 90, 264, 258, 47, 3.07%, 74, 0, 3, 44.29, 280136, 1531
7333, 0, 90, 264, 258, 47, 3.07%, 74, 0, 3, 51.08, 280404, 1531
7339, 0, 90, 264, 258, 47, 3.07%, 74, 0, 3, 54.59, 280693, 1531
7344, 0, 90, 264, 258, 47, 3.07%, 74, 0, 3, 56.08, 280972, 1531
7349, 0, 90, 264, 258, 47, 3.07%, 74, 0, 3, 51.80, 281193, 1531
7354, 0, 90, 267, 261, 47, 3.07%, 74, 0, 3, 41.55, 281366, 1531
7359, 0, 90, 271, 265, 47, 3.07%, 74, 0, 3, 40.94, 281520, 1531
7364, 0, 90, 274, 268, 47, 3.07%, 74, 0, 3, 38.72, 281696, 1531
7369, 0, 90, 276, 270, 47, 3.07%, 74, 0, 3, 43.11, 281909, 1531
7374, 0, 90, 278, 272, 47, 3.07%, 74, 0, 3, 51.98, 282109, 1531
7380, 0, 90, 281, 275, 47, 3.07%, 74, 0, 3, 42.61, 282306, 1531
7385, 0, 90, 281, 275, 47, 3.07%, 74, 0, 3, 39.75, 282498, 1531
7390, 0, 90, 281, 275, 47, 3.07%, 74, 0, 3, 43.77, 282719, 1531
7395, 0, 90, 282, 276, 47, 3.07%, 74, 0, 3, 37.07, 282892, 1531
7400, 0, 90, 282, 276, 47, 3.07%, 74, 0, 3, 40.82, 283106, 1531
7405, 0, 90, 283, 277, 47, 3.07%, 74, 0, 3, 35.05, 283272, 1531
7410, 0, 90, 283, 277, 47, 3.07%, 74, 0, 3, 37.84, 283477, 1531
7416, 0, 90, 283, 277, 47, 3.07%, 74, 0, 3, 40.15, 283685, 1531
7421, 0, 90, 283, 277, 47, 3.07%, 74, 0, 3, 36.52, 283870, 1531
7426, 0, 90, 285, 279, 47, 3.07%, 74, 0, 3, 36.02, 284047, 1531
7431, 0, 90, 285, 279, 47, 3.07%, 74, 0, 3, 43.24, 284277, 1531
7436, 0, 90, 286, 280, 47, 3.07%, 74, 0, 3, 42.36, 284485, 1531
7442, 0, 90, 286, 280, 47, 3.07%, 74, 0, 3, 45.23, 284714, 1531
7447, 0, 90, 286, 280, 47, 3.07%, 74, 0, 3, 43.57, 284921, 1531
7452, 0, 90, 287, 281, 47, 3.07%, 74, 0, 3, 42.85, 285120, 1531
7457, 0, 90, 287, 281, 47, 3.07%, 74, 0, 3, 43.70, 285338, 1531
7462, 0, 90, 287, 281, 47, 3.07%, 74, 0, 3, 44.79, 285564, 1531
7467, 0, 90, 288, 282, 47, 3.07%, 74, 0, 3, 42.67, 285760, 1531
7473, 0, 90, 289, 282, 46, 3.07%, 74, 0, 3, 42.49, 285980, 1531
7479, 0, 90, 296, 289, 46, 3.07%, 74, 0, 3, 39.06, 286159, 1533
7484, 0, 156, 297, 290, 46, 3.07%, 75, 0, 3, 42.98, 286411, 1533
7489, 0, 207, 297, 289, 45, 3.07%, 75, 0, 3, 38.27, 286606, 1533
7494, 0, 207, 297, 289, 45, 3.07%, 75, 0, 3, 32.76, 286766, 1533
7499, 0, 207, 297, 289, 45, 3.07%, 75, 0, 3, 32.28, 286931, 1533
7504, 0, 207, 297, 289, 45, 3.07%, 75, 0, 3, 28.17, 287060, 1533
7509, 0, 207, 297, 289, 45, 3.07%, 75, 0, 3, 29.08, 287212, 1533
7514, 0, 207, 297, 289, 45, 3.07%, 75, 0, 3, 28.30, 287359, 1533
7519, 0, 207, 297, 289, 45, 3.07%, 75, 0, 3, 25.80, 287480, 1533
7525, 0, 207, 297, 289, 45, 3.07%, 75, 0, 3, 26.17, 287613, 1533
7530, 0, 207, 297, 289, 45, 3.07%, 75, 0, 3, 29.60, 287777, 1533
7535, 0, 207, 297, 289, 45, 3.07%, 75, 0, 3, 25.85, 287912, 1533
7540, 0, 207, 297, 289, 45, 3.07%, 75, 0, 3, 38.02, 288139, 1533
7545, 0, 207, 297, 289, 45, 3.07%, 75, 0, 3, 29.17, 288281, 1533
7550, 0, 207, 297, 289, 45, 3.07%, 75, 0, 3, 33.86, 288448, 1533
7555, 0, 207, 297, 289, 45, 3.07%, 75, 0, 3, 28.45, 288587, 1533
7560, 0, 207, 297, 289, 45, 3.07%, 75, 0, 3, 28.46, 288729, 1533
7566, 0, 207, 297, 289, 45, 3.07%, 75, 0, 3, 28.64, 288875, 1533
7571, 0, 207, 297, 289, 45, 3.07%, 75, 0, 3, 30.49, 289035, 1533
7576, 0, 207, 297, 289, 45, 3.07%, 75, 0, 3, 28.91, 289174, 1533
7581, 0, 207, 297, 289, 45, 3.07%, 75, 0, 3, 26.82, 289309, 1533
7586, 0, 207, 297, 289, 45, 3.07%, 75, 0, 3, 26.24, 289439, 1533
7591, 0, 207, 297, 289, 45, 3.07%, 75, 0, 3, 30.01, 289586, 1533
7596, 0, 207, 297, 289, 45, 3.07%, 75, 0, 3, 30.81, 289744, 1533
7601, 0, 207, 297, 289, 45, 3.07%, 75, 0, 3, 29.34, 289893, 1533
7606, 0, 207, 297, 289, 45, 3.07%, 75, 0, 3, 46.07, 290105, 1533
7611, 0, 207, 297, 289, 45, 3.07%, 75, 0, 3, 33.25, 290251, 1533
7617, 0, 207, 297, 289, 45, 3.07%, 75, 0, 3, 27.72, 290390, 1533
7622, 0, 207, 297, 289, 45, 3.07%, 75, 0, 3, 29.42, 290547, 1533
7627, 0, 207, 297, 289, 45, 3.07%, 75, 0, 3, 27.50, 290691, 1533
7632, 0, 207, 297, 289, 45, 3.07%, 75, 0, 3, 28.95, 290838, 1533
7637, 0, 207, 297, 289, 45, 3.07%, 75, 0, 3, 29.19, 290982, 1533
7642, 0, 207, 297, 289, 45, 3.07%, 75, 0, 3, 28.45, 291126, 1533
7647, 0, 207, 297, 289, 45, 3.07%, 75, 0, 3, 28.90, 291275, 1533
7653, 0, 207, 297, 289, 45, 3.07%, 75, 0, 3, 29.55, 291417, 1533
7658, 0, 207, 297, 289, 45, 3.07%, 75, 0, 3, 29.25, 291557, 1533
7663, 0, 207, 297, 289, 45, 3.07%, 75, 0, 3, 35.22, 291736, 1533
7668, 0, 207, 297, 289, 45, 3.07%, 75, 0, 3, 28.93, 291865, 1533
7673, 0, 207, 297, 289, 45, 3.07%, 75, 0, 3, 46.07, 292073, 1533
7678, 0, 207, 297, 289, 45, 3.07%, 75, 0, 3, 36.04, 292266, 1533
7683, 0, 207, 297, 289, 45, 3.07%, 75, 0, 3, 28.79, 292391, 1533
7688, 0, 207, 297, 289, 45, 3.07%, 75, 0, 3, 32.13, 292561, 1533
7693, 0, 207, 297, 289, 45, 3.07%, 75, 0, 3, 27.05, 292678, 1533
7699, 0, 207, 297, 289, 45, 3.07%, 75, 0, 3, 28.59, 292830, 1533
7704, 0, 207, 297, 289, 45, 3.07%, 75, 0, 3, 27.84, 292978, 1533
7709, 0, 207, 297, 289, 45, 3.07%, 75, 0, 3, 32.35, 293146, 1533
7714, 0, 207, 297, 289, 45, 3.07%, 75, 0, 3, 27.28, 293278, 1533
7719, 0, 207, 297, 289, 45, 3.07%, 75, 0, 3, 32.76, 293448, 1533
7724, 0, 207, 297, 289, 45, 3.07%, 75, 0, 3, 29.38, 293588, 1533
7729, 0, 207, 297, 289, 45, 3.07%, 75, 0, 3, 27.52, 293728, 1533
7735, 0, 207, 297, 289, 45, 3.07%, 75, 0, 3, 30.75, 293891, 1533
7740, 0, 207, 297, 289, 45, 3.07%, 75, 0, 3, 27.50, 294029, 1533
7745, 0, 207, 297, 289, 45, 3.07%, 75, 0, 3, 29.56, 294178, 1533
7750, 0, 207, 297, 289, 45, 3.07%, 75, 0, 3, 30.65, 294332, 1533
7755, 0, 207, 297, 289, 45, 3.07%, 75, 0, 3, 30.89, 294488, 1533
7760, 0, 207, 297, 289, 45, 3.07%, 75, 0, 3, 29.26, 294632, 1533
7765, 0, 207, 297, 289, 45, 3.07%, 75, 0, 3, 31.12, 294789, 1533
7770, 0, 207, 297, 289, 45, 3.07%, 75, 0, 3, 29.32, 294935, 1533
7775, 0, 207, 297, 289, 45, 3.07%, 75, 0, 3, 29.17, 295086, 1533
7780, 0, 207, 297, 289, 45, 3.07%, 75, 0, 3, 28.22, 295228, 1533
7785, 0, 207, 297, 289, 45, 3.07%, 75, 0, 3, 29.51, 295380, 1533
7790, 0, 207, 297, 289, 45, 3.07%, 75, 0, 3, 28.47, 295523, 1533
7795, 0, 207, 297, 289, 45, 3.07%, 75, 0, 3, 27.50, 295664, 1533
7800, 0, 207, 297, 289, 45, 3.07%, 75, 0, 3, 31.82, 295824, 1533
7806, 0, 207, 297, 289, 45, 3.07%, 75, 0, 3, 29.39, 295979, 1533
7811, 0, 207, 297, 289, 45, 3.07%, 75, 0, 3, 30.51, 296121, 1533
7816, 0, 207, 297, 289, 45, 3.07%, 75, 0, 3, 28.47, 296261, 1533
7821, 0, 207, 297, 289, 45, 3.07%, 75, 0, 3, 28.46, 296407, 1533
7826, 0, 207, 297, 289, 45, 3.07%, 75, 0, 3, 26.97, 296540, 1533
7831, 0, 207, 297, 289, 45, 3.07%, 75, 0, 3, 30.40, 296700, 1533
7836, 0, 207, 297, 289, 45, 3.07%, 75, 0, 3, 31.58, 296858, 1533
7841, 0, 207, 297, 289, 45, 3.07%, 75, 0, 3, 31.37, 297015, 1533
7846, 0, 207, 297, 289, 45, 3.07%, 75, 0, 3, 27.36, 297152, 1533
7851, 0, 207, 297, 289, 45, 3.07%, 75, 0, 3, 28.55, 297295, 1533
7857, 0, 207, 297, 289, 45, 3.07%, 75, 0, 3, 29.57, 297451, 1533
7862, 0, 207, 297, 289, 45, 3.07%, 75, 0, 3, 28.65, 297596, 1533
7867, 0, 207, 297, 289, 45, 3.07%, 75, 0, 3, 28.14, 297739, 1533
7872, 0, 207, 297, 289, 45, 3.07%, 75, 0, 3, 29.78, 297892, 1533
7877, 0, 207, 297, 289, 45, 3.07%, 75, 0, 3, 27.50, 298037, 1533
7882, 0, 207, 297, 289, 45, 3.07%, 75, 0, 3, 29.23, 298183, 1533
7887, 0, 207, 297, 289, 45, 3.07%, 75, 0, 3, 29.42, 298328, 1533
7892, 0, 207, 297, 289, 45, 3.07%, 75, 0, 3, 28.69, 298466, 1533
7897, 0, 207, 297, 289, 45, 3.07%, 75, 0, 3, 30.81, 298623, 1533
7903, 0, 207, 297, 289, 45, 3.07%, 75, 0, 3, 30.50, 298773, 1533
7908, 0, 207, 297, 289, 45, 3.07%, 75, 0, 3, 30.96, 298924, 1533
7913, 0, 207, 297, 289, 45, 3.07%, 75, 0, 3, 28.17, 299074, 1533
7918, 0, 207, 297, 289, 45, 3.07%, 75, 0, 3, 30.10, 299223, 1533
7923, 0, 207, 297, 289, 45, 3.07%, 75, 0, 3, 28.52, 299356, 1533
7928, 0, 207, 297, 289, 45, 3.07%, 75, 0, 3, 31.42, 299517, 1533
7933, 0, 207, 297, 289, 45, 3.07%, 75, 0, 3, 32.01, 299673, 1533
7938, 0, 207, 297, 289, 45, 3.07%, 75, 0, 3, 27.95, 299815, 1533
7943, 0, 207, 297, 289, 45, 3.07%, 75, 0, 3, 29.18, 299960, 1533
7948, 0, 207, 297, 289, 45, 3.07%, 75, 0, 3, 26.14, 300091, 1533
7953, 0, 207, 297, 289, 45, 3.07%, 75, 0, 3, 0.00, 300241, 1533
